""	"baseMean"	"log2FoldChange"	"lfcSE"	"stat"	"pvalue"	"padj"
"ENSG00000002834"	6158.65494198933	-0.954244206084845	0.496891239669389	-1.92042871739852	0.0548037690573106	0.160368406175901
"ENSG00000003402"	0.796253181442774	-0.335742930627261	1.79071706481587	-0.187490775189426	0.851275855778027	0.916758613914798
"ENSG00000004961"	326.689749779612	0.0358908504971601	0.471456326287997	0.0761276251816284	0.939317562191454	0.968956597310847
"ENSG00000005073"	79.0227026625933	8.18283536501305	1.92845662477007	4.24320425977364	2.20350701087131e-05	0.000314660801152423
"ENSG00000005102"	8.11394305925268	6.03513235800447	1.72424309553111	3.50016327375548	0.000464973267119771	0.00377805906582804
"ENSG00000005421"	8.31478276783935	0.276083971803539	1.26771750496455	0.217780357786619	0.827600249468768	0.904757471057562
"ENSG00000006468"	12.711747446428	0.892649806292494	1.21299388858952	0.735906268522487	0.461787742148971	0.642722120651784
"ENSG00000006634"	132.464967158437	0.70833469724357	0.372187939609821	1.90316402510555	0.057019145732591	0.163587291095499
"ENSG00000007908"	7.16940846149261	5.44525848529626	1.2256508506404	4.4427485057846	8.88169593208551e-06	0.000162603356295104
"ENSG00000010610"	98.4366572852049	4.77044694928239	1.07083609164089	4.45488061760456	8.39398896200179e-06	0.000158077711319559
"ENSG00000012779"	36.1996254330045	0.753098701320478	1.40868634481981	0.534610635000376	0.59291912806326	0.745356626553949
"ENSG00000016082"	4.61428217488077	2.51345933348454	2.12300612308562	1.18391525401322	0.236446611219426	0.421319849274459
"ENSG00000022267"	8.09341670046953	6.01191426679757	1.3687307798937	4.39232780844196	1.12143440864631e-05	0.000195293699456943
"ENSG00000037757"	1005.60493175235	0.446729329160897	0.442813295220207	1.00884353289063	0.313049679559298	0.502286452146829
"ENSG00000044115"	2.59789218388885	3.36369314978469	1.82499508736447	1.84312449555264	0.0653108356221647	0.175666892038737
"ENSG00000047648"	9.40059278358665	2.08173242026803	1.30282336565627	1.59786236196293	0.110073612116775	0.252957252513097
"ENSG00000053372"	0.559827511675481	-0.0510691212781834	2.10450632061883	-0.0242665563784891	0.980639989414949	0.993158797790459
"ENSG00000058866"	7.21953507266314	4.77247039562242	1.39176714707697	3.42907246060931	0.000605647808245636	0.00445806737203488
"ENSG00000064692"	21.3388486569919	-1.03517269679757	1.26411189889692	-0.818893246476737	0.412847323413828	0.60528334479974
"ENSG00000065154"	1.7817631348147	1.80142980220555	1.22294444512841	1.47302668521169	0.140743840435714	0.295399068482069
"ENSG00000067842"	8.87362350793437	4.35930435698763	1.29490824178367	3.36649672642667	0.000761294857826965	0.00527732551930537
"ENSG00000070669"	2.64387992568555	0.362712174534812	1.80901128924354	0.200502991159599	0.841087218888295	0.91241562381618
"ENSG00000070729"	4.33030213900707	3.05991051484203	1.70943392440073	1.79001391698409	0.0734516741279215	0.189234906560463
"ENSG00000070756"	4910.94471611575	-0.175894105425204	0.437383341652273	-0.402150902137108	0.68757297324412	0.806120037596554
"ENSG00000070770"	175.717238443571	0.784781540521274	0.452563961279204	1.73407873287797	0.0829041144109606	0.206249260241902
"ENSG00000071991"	30.648908619811	3.54209330210451	2.30618312539648	1.53591155147124	0.124560074641956	0.27619842637999
"ENSG00000073756"	83.9865155192767	2.02597076831322	1.71057259887658	1.18438163316996	0.236262027370285	0.421319849274459
"ENSG00000074800"	2.14883812599612	3.59711353510067	2.75325927797684	1.30649284063937	0.191385012118969	0.367335749067054
"ENSG00000075624"	122.435408576692	0.0164514357915853	0.446263933290823	0.0368648115259275	0.970592796999078	0.987053072988348
"ENSG00000078399"	35.0134152756955	8.16339861305243	1.92796405423627	4.23420685417614	2.29359755497945e-05	0.000321103657697123
"ENSG00000080573"	5.26215763729191	4.25790297369907	1.11878262905922	3.80583579249843	0.000141326127963954	0.00150607246815318
"ENSG00000086666"	42.3471682566261	-0.531160870845109	0.377035869939198	-1.4087807373096	0.158900012700494	0.320493245955233
"ENSG00000087053"	0.711280524539653	0.114979274874653	1.58082192622765	0.0727338563357546	0.942017906429141	0.968956597310847
"ENSG00000087460"	11.089428005819	0.816183194035023	1.35337758158567	0.6030713122045	0.546461249952699	0.716503959011794
"ENSG00000088205"	1.08856269443524	0.531305002825782	1.61292681815017	0.329404283472156	0.741850130553607	0.843441071998846
"ENSG00000088882"	11.4718544526201	1.92000491900266	1.24770244929378	1.53883237152368	0.12384522476829	0.275468817708907
"ENSG00000089225"	34.7720225120833	7.73634664537663	1.81637012221785	4.25923469602675	2.05128005108043e-05	0.000305127907598214
"ENSG00000095485"	1.45749642302611	1.5797235273992	1.25332550257818	1.2604255830984	0.207515877565802	0.384847627485668
"ENSG00000100228"	0.771671265161915	-3.01879649457743	1.64167231651609	-1.83885448040193	0.0659365925299463	0.175666892038737
"ENSG00000100368"	6.50252780486138	1.40669579415165	1.56082273353414	0.901252758515696	0.367453945436826	0.564219606541707
"ENSG00000100410"	21.4023736406166	-0.203319562781335	0.442128937097742	-0.459864862309131	0.645613222725771	0.78085692205225
"ENSG00000100852"	0.79334461249238	0.710064400917453	1.84109012787174	0.385676067764413	0.699736589275219	0.815027609694137
"ENSG00000101307"	1.22822054037371	3.25672491828185	2.03305779230838	1.60188506721399	0.109181027202728	0.252282373536402
"ENSG00000101361"	7.28002276297411	0.0124882080413726	0.737474593306111	0.0169337468093481	0.986489470562092	0.994018784523007
"ENSG00000101425"	71.4716101881225	9.19427159412488	1.58540883025786	5.7993064114759	6.65897612344833e-09	3.96209079345176e-07
"ENSG00000102466"	8.00847292775064	6.02950955573076	1.61088219215011	3.74298603902433	0.000181846335977099	0.0018287082237697
"ENSG00000102837"	363.792446373777	10.6722165956875	1.75484418947826	6.08157502510832	1.19007655971751e-09	1.21387809091186e-07
"ENSG00000103044"	3.58399217021015	1.17186185779174	0.913314883135776	1.28308634779745	0.1994618262021	0.376299125042195
"ENSG00000103546"	41.7413678656592	5.7519508929218	1.72337321704237	3.33761186261975	0.00084501699762969	0.00574611558388189
"ENSG00000104894"	331.331896463272	3.04907702052257	1.35250724809898	2.25438867319064	0.0241717272335077	0.0821151939906044
"ENSG00000105122"	19.0434082029193	-2.10618362896899	1.17553847060582	-1.79167562919786	0.0731849405820732	0.189234906560463
"ENSG00000105193"	3021.89682211267	0.861950357581009	0.460881375791997	1.87022171616243	0.0614530352662387	0.172988757475347
"ENSG00000105278"	4.8592761052404	1.31018836508482	1.80787886585613	0.72471026119572	0.468629798723751	0.649209296577504
"ENSG00000105696"	23.8262912887903	2.06848681790269	1.55282176714394	1.33208257487734	0.182833055612848	0.353774530372827
"ENSG00000105852"	48.6258101292953	-0.318431532374438	1.408992320743	-0.225999480399241	0.821201824455882	0.902690243820011
"ENSG00000105889"	10.3169221356561	4.13961325031963	1.74722408704422	2.36925147782424	0.0178241294805362	0.06405830012405
"ENSG00000105996"	54.0244844930121	8.78688815959726	1.75904621615452	4.99525713361099	5.87574260811245e-07	1.82403487921404e-05
"ENSG00000105997"	13.3131380592558	4.51221392103284	1.92552638322129	2.3433664479238	0.0191106027428409	0.0672166027506819
"ENSG00000106004"	113.816541962627	6.92404512984808	2.21064532616372	3.13213750206771	0.00173538579798317	0.00991252367807985
"ENSG00000106006"	43.8713239310182	5.91653111051591	2.1071280888079	2.80786495227405	0.00498711358060809	0.0235814509705574
"ENSG00000106031"	40.310887309546	5.95531029846041	1.70702216753451	3.48871292460237	0.000485352096356165	0.00377805906582804
"ENSG00000106511"	7.64393868067678	6.37520373710671	2.9904650806194	2.13184356454222	0.0330197089398886	0.106679059651948
"ENSG00000107317"	3.80004783576645	-1.53894506262577	1.30596138686155	-1.17840012584455	0.238637127578288	0.42371760275277
"ENSG00000107625"	11.9174563537405	-0.043458305788814	0.387762762982097	-0.112074469076394	0.910764360593182	0.951183220720744
"ENSG00000107796"	0.932298044531793	0.278604731522506	2.15769253951616	0.129121608579589	0.897261423961335	0.944903623463707
"ENSG00000108511"	21.139561069779	0.864163417282304	1.60249541048315	0.539261087195102	0.589706714936455	0.74469322416835
"ENSG00000108651"	158.654082225654	0.348483032025522	0.229707773894429	1.51707112962437	0.129248726419783	0.282212815485398
"ENSG00000108691"	287.480561673999	5.56150283085301	1.71279460665287	3.24703429661146	0.0011661433636233	0.00750113839303637
"ENSG00000109321"	3.24539348964069	-1.35611548965577	1.51255265477029	-0.896574069920047	0.369946239670373	0.566827500267481
"ENSG00000109971"	0.5015407831505	-1.78251956164635	2.55588703872634	-0.697417192011202	0.485541745546477	0.661357700630338
"ENSG00000110852"	12.2260918665028	4.81007155542265	1.41925803562107	3.38914519748888	0.000701108752429277	0.00495635296271786
"ENSG00000111432"	12.422732145844	7.08018790415927	2.98898473978819	2.3687601378189	0.0178478241664128	0.06405830012405
"ENSG00000111713"	1.9567349322574	4.40241059276381	1.76933012067098	2.4881793065809	0.012839897901676	0.0490250647154903
"ENSG00000112079"	1.05257886902519	1.47352406170751	1.81282994867719	0.812830824415017	0.416315060016516	0.60911670666351
"ENSG00000112164"	52.4754507561632	3.55889366147082	2.05702295661499	1.73011859202937	0.0836090891264114	0.207280866792562
"ENSG00000112246"	2.94349156777026	3.21717766170267	1.24679260307203	2.58036312837894	0.00986964719883359	0.040039364204359
"ENSG00000112299"	2.3736025110009	3.29286131590258	1.54689022889133	2.12869746954352	0.0332792983389752	0.107033418982109
"ENSG00000112333"	4.78280480353868	4.78317107017632	1.40965362612941	3.39315345380965	0.000690929206613545	0.00493323453522071
"ENSG00000113328"	9.04604281151653	-0.538713604681125	0.72597268761644	-0.74205767499307	0.458052392215742	0.640018411041174
"ENSG00000113494"	7.63120298158192	-1.28073029719543	0.811509100594557	-1.578208175678	0.114517792636408	0.260400331026737
"ENSG00000113712"	111.218932798787	-0.156476276898801	0.398662620328042	-0.392503006100857	0.694686590647224	0.810467689088428
"ENSG00000114353"	21.2021339841111	2.19082026570778	1.12877924011094	1.9408757601641	0.0522733488267943	0.154867929719216
"ENSG00000114948"	23.845025445176	5.91117678124989	1.95836349556253	3.01842676022305	0.00254090810778123	0.013538868574297
"ENSG00000115232"	11.4568810160526	3.19740774099149	1.25445766975743	2.54883669499167	0.0108082898720962	0.0424433791209808
"ENSG00000115423"	0.619607582712002	-2.70465559948812	1.94888600351034	-1.38779569180367	0.165199267077244	0.328948972761717
"ENSG00000115602"	0.255951945433793	0.0360597559447273	2.09858861598622	0.0171828607427098	0.986290735317959	NA
"ENSG00000115604"	10.6123186673836	4.79188869360327	1.37764142460747	3.47832796547086	0.000504552189655226	0.00383244961078544
"ENSG00000115935"	226.063091015728	1.90785744518451	1.15073320189716	1.65794942045568	0.0973276758423992	0.230870300835459
"ENSG00000116035"	5.27348935478627	-1.73198550480614	1.09638448274959	-1.57972456930669	0.114169956474528	0.260400331026737
"ENSG00000116039"	2.1542147801565	-0.789298814639209	0.944581489306574	-0.835606904830033	0.403376083019823	0.602269655218572
"ENSG00000116132"	3.97637228622979	3.02349796438071	1.62047089824242	1.86581441706853	0.0620673345511274	0.173788536743157
"ENSG00000116337"	407.840301954281	0.4096206313007	0.553614692101943	0.739902024177624	0.459359446113802	0.640591102588388
"ENSG00000117036"	2.67443234976383	2.19188844386008	1.24286431144432	1.76357823108856	0.0778030154358176	0.198397689361335
"ENSG00000117245"	29.9907107350432	-1.68670755832793	1.15289292005018	-1.46302187219132	0.143461394141242	0.297765800630368
"ENSG00000117507"	27.2660389172391	5.91678669161634	1.41114873303764	4.19288665545541	2.75427076825617e-05	0.000371047043119793
"ENSG00000117834"	9.09034333561439	2.14206086534175	1.14928411461017	1.86382186798807	0.0623467237388351	0.173888909177845
"ENSG00000118473"	30.4816648085116	6.16872136201367	1.41187691942532	4.36916368356281	1.24723258706642e-05	0.000207098620271029
"ENSG00000118785"	1.45677560849213	3.55720838377913	1.72798185727571	2.05859128022752	0.0395334087829384	0.124015238556846
"ENSG00000118849"	410.019790669397	4.66361527879076	1.11876020240646	4.16855664758121	3.06534582305047e-05	0.00040530683660334
"ENSG00000118855"	4.77841573465826	5.71791461405439	1.56163742259422	3.66148667502837	0.000250755905358451	0.00229538097981966
"ENSG00000119865"	2.23416207717837	2.81242074610592	1.2450426510033	2.25889510197868	0.0238899107527521	0.0821151939906044
"ENSG00000119900"	1485.33579600707	2.30108791238933	0.726873011965847	3.16573579498567	0.00154691228650691	0.00897963717533278
"ENSG00000120075"	7.41685247513696	2.48428563093274	1.72902855220182	1.43681006757763	0.150771968976991	0.308456119912812
"ENSG00000120669"	1.73391467237811	-0.295478668601803	1.41105327101018	-0.209402915306144	0.83413371712893	0.908499418198522
"ENSG00000121089"	11.6651159816107	-1.0337437942364	0.529627069611468	-1.95183338154288	0.050957989646147	0.152234328901042
"ENSG00000121742"	5.12996399975606	3.17972641242503	1.70022601934135	1.87017865639818	0.0614590125921509	0.172988757475347
"ENSG00000122203"	52.8256068577336	-0.45664668872034	0.499193801376227	-0.914768347406181	0.360313254931111	0.558055670327144
"ENSG00000122592"	121.130907124493	6.82813974397795	1.95715505482845	3.48880878248885	0.000485178087789888	0.00377805906582804
"ENSG00000123416"	1196.45122329829	-0.481139786748856	0.372923601984657	-1.29018325519835	0.196987038591529	0.374065812644552
"ENSG00000123576"	7.12433045350092	6.27846106220931	1.8859211375284	3.32912174176994	0.000871203141481625	0.00586829285865925
"ENSG00000123610"	12.5011374804239	7.07788442960644	1.37522892454467	5.14669543614339	2.65115238431184e-07	9.46461401199326e-06
"ENSG00000123700"	4.57347850849606	5.65451120320429	1.75800145657637	3.21644284312266	0.00129790384224561	0.00798882192554623
"ENSG00000123843"	5.4938509274393	-3.02264428536344	1.61540046364478	-1.87114239062649	0.0613253472931339	0.172988757475347
"ENSG00000124019"	4.39848398293211	5.59063710485741	1.40530395258347	3.97824050418399	6.9427127348736e-05	0.000854671878051681
"ENSG00000124102"	13.7770514772227	2.3414517172084	1.49299913665592	1.56828738860016	0.116814077787052	0.263940669430237
"ENSG00000124243"	43.0762842008576	3.47128249267736	1.68682326938642	2.05788155503691	0.0396015047492448	0.124015238556846
"ENSG00000124260"	105.299557203739	0.640527391212994	2.43584883421591	0.262958596697638	0.792582491374109	0.877370385800177
"ENSG00000124429"	119.094214368046	-2.12826501037396	1.22536798643377	-1.73683745122796	0.0824158664587573	0.205751498781653
"ENSG00000124766"	37.4385346221425	1.73445548767989	0.568028184228606	3.05346730292144	0.0022621337200484	0.0123294921840806
"ENSG00000124875"	0.313795606293176	1.96293795705263	3.05110637115576	0.643352842631007	0.519995175248866	NA
"ENSG00000124882"	79.1962102633468	-3.42457371088865	2.32241041425127	-1.47457731410178	0.140326217707514	0.295399068482069
"ENSG00000125166"	2.98594041436526	-1.1688890154298	0.987680904370483	-1.18346827427509	0.236623612827812	0.421319849274459
"ENSG00000125845"	75.1513822564332	4.84881768810357	1.32990943271871	3.64597586031947	0.000266378982671053	0.00238026003675028
"ENSG00000126785"	7.20496607315141	6.26289274542917	1.61092433812937	3.88776343940632	0.000101172156234667	0.0011651116056702
"ENSG00000126952"	0.759559426811118	-3.00453481445488	1.99366745030106	-1.50703910724989	0.131800633399651	0.284963871808709
"ENSG00000126953"	3.80745018673881	1.965645170276	1.09999690471453	1.7869551831022	0.0739447323954749	0.189234906560463
"ENSG00000128713"	15.2652252849776	6.95033510093385	2.16782061345457	3.20613940922815	0.00134528795491812	0.0081960052170248
"ENSG00000128714"	93.9260068801201	9.58705567480821	2.24803027346005	4.26464705034969	2.00218445995803e-05	0.000304161639236177
"ENSG00000129465"	54.6431053094359	-1.03442368453162	1.43832553884235	-0.719186065043514	0.472026284179282	0.6493772002004
"ENSG00000129514"	1.25623705255149	-3.24660187364717	1.23320812003567	-2.63264717520127	0.00847223076335	0.0360069807442375
"ENSG00000130234"	19.7402434465306	4.48521944403251	1.68713814866927	2.65847787720894	0.00784945038247794	0.0339667125641773
"ENSG00000130592"	5.3443098066448	2.41642434520685	1.64873349371404	1.46562458664163	0.142750589298763	0.297154287928038
"ENSG00000130812"	140.937497604986	0.389417091106008	0.73801858026573	0.527652150662379	0.597740789686927	0.748748989186782
"ENSG00000130813"	299.770009830772	-0.147737369332157	0.760408945511504	-0.194286732427614	0.845951373689349	0.913781060233275
"ENSG00000130940"	15.7073424660736	-1.14175410517913	0.745225729458054	-1.53209163351008	0.125499824049888	0.276564427072901
"ENSG00000130988"	34.7548104649629	3.62328737054109	0.949835637025029	3.81464669181033	0.000136377907531526	0.00147536099965924
"ENSG00000131080"	49.350912407593	-2.84042826447672	1.61216742210453	-1.76186928574007	0.0780913850625745	0.198424373433019
"ENSG00000132975"	160.124141660943	10.7711315938775	2.14000306728257	5.03323184837997	4.82279258362722e-07	1.56521541123174e-05
"ENSG00000133805"	11.1579943835725	-2.02816235975805	0.968556949694326	-2.09400424043019	0.0362596025101181	0.115577483001001
"ENSG00000133816"	177.289345479141	0.405248240662397	0.598811608497775	0.676754149237411	0.498561953749902	0.672621032861155
"ENSG00000133980"	0.409227514132222	2.29612674500499	3.04059419673858	0.75515724770766	0.450154637142079	NA
"ENSG00000133983"	96.2375842680662	-0.349038270489658	0.32048644850521	-1.08908901489475	0.276114633645609	0.467170256926456
"ENSG00000134061"	19.2330623641724	7.2989938038699	1.63860582422154	4.45439268918593	8.41309948199335e-06	0.000158077711319559
"ENSG00000134184"	0.650752460774302	1.76211355120934	2.50813815642625	0.702558408393305	0.482330989855701	0.658478636246597
"ENSG00000134548"	8.05413999749977	2.17346195094368	0.814272372109272	2.66920753471421	0.00760304555490918	0.0331862340257049
"ENSG00000134762"	0.970310020978614	3.42725202946067	2.4707141175707	1.38715038097183	0.165395912074869	0.328948972761717
"ENSG00000134873"	40.6349914055209	8.36933124453116	1.42787030368281	5.86140857677668	4.58957142314323e-09	3.27695399612427e-07
"ENSG00000134874"	8.78002345350751	6.59877634529669	1.18407994528644	5.57291454142516	2.50512475584073e-08	1.27761362547877e-06
"ENSG00000135093"	9.94375952672699	-1.71188181581274	0.75911318487714	-2.25510747266207	0.0241265837148309	0.0821151939906044
"ENSG00000135424"	0.884125222572037	3.15496112690256	2.46354459355054	1.28065923188974	0.200313385249414	0.376299125042195
"ENSG00000135720"	2951.75812242524	-0.281639879821611	0.328370767745599	-0.857688647973098	0.391064410101185	0.5915677729073
"ENSG00000135903"	64.3920433255801	7.65727670773545	2.07313507295805	3.69357347122089	0.000221124582626662	0.00210510602660582
"ENSG00000136155"	4.04764152007273	2.89701771926781	1.297507523798	2.23275600806367	0.0255650387752437	0.0856753391165656
"ENSG00000137033"	2.64607271989963	4.37324575571235	1.51270873489142	2.89100317519239	0.00384014240498238	0.0186521202527716
"ENSG00000137270"	10.2717417443661	3.78882803285907	1.62331835559243	2.33400184246444	0.0195956254446836	0.0685846890563926
"ENSG00000137809"	14.3336020372181	5.38864445883595	1.26100574438046	4.27329096861761	1.92608847409755e-05	0.000298962428370793
"ENSG00000138131"	85.3439500505725	4.33261720543341	1.48057265686753	2.92631177898422	0.00343006993141984	0.0171263631540823
"ENSG00000138152"	5.2075777526817	-0.717300032753626	1.58293469892597	-0.453145687715557	0.650443838474938	0.781329072590264
"ENSG00000138435"	0.841889175480624	-0.280307239845003	1.86214089775566	-0.150529554548124	0.880346835224414	0.936762504247737
"ENSG00000138835"	0.434545943650306	-1.56765917352915	2.0626169658117	-0.760034072982729	0.447234218190266	NA
"ENSG00000139117"	47.8595597550595	2.24923859395368	1.72130052607731	1.30670882851555	0.191311619156225	0.367335749067054
"ENSG00000140443"	5332.19543495952	-1.87003920600292	0.777780101087312	-2.4043289400033	0.0162021870163442	0.0593249309213835
"ENSG00000140459"	41.5309400404388	6.32149173431175	1.66522611014101	3.79617620442936	0.000146945072895765	0.00154292326540554
"ENSG00000140557"	59.9865481738938	9.35294849784513	1.7943089122273	5.21256314010901	1.86249144878925e-07	7.38788274686402e-06
"ENSG00000142599"	4.05791612860816	-0.318916466281498	0.868873482059344	-0.367045919649457	0.713584765871359	0.828454508670163
"ENSG00000143028"	8.95394219431107	4.43656159513348	1.25950524159012	3.52246378072419	0.00042755545925843	0.00359146585777081
"ENSG00000143194"	0.593222737353105	1.51897684157122	1.74462295097926	0.870661962069578	0.383938753484474	0.582021804645253
"ENSG00000143398"	96.1933335199186	-0.208637643445904	0.488056745749088	-0.42748644550682	0.669025055637458	0.792178921600572
"ENSG00000143429"	0.743347377051103	1.30466667326896	1.41327284153786	0.923152723892491	0.355927621845392	0.554874065496965
"ENSG00000143556"	5.64407245106997	-1.98038848541246	1.98027001997687	-1.00005982286981	0.317281557962572	0.506798730168404
"ENSG00000143632"	4.22085944762652	-0.690528341778829	1.41758464362409	-0.487116127340007	0.62617603818051	0.768195345809079
"ENSG00000143947"	1137.05669443838	1.24541908996492	0.405446114166606	3.0717253081211	0.00212825479185609	0.0116890301645019
"ENSG00000144407"	4.70590567379354	2.38591131796526	0.972084133884699	2.45442882441723	0.0141108595764732	0.0527494960083869
"ENSG00000144642"	27.6749100599409	8.2381841338413	2.06044786457326	3.99824925225542	6.38127340159097e-05	0.000799338457672974
"ENSG00000144713"	0.727255790648528	0.0569374938085033	1.82992772082584	0.0311146135229907	0.975178135406442	0.989030097557102
"ENSG00000145012"	0.366985636308778	1.52721800277152	2.0704534020489	0.737624909239783	0.460742414346966	NA
"ENSG00000146006"	8.64298165655003	1.00523939930913	0.915687109034456	1.09779791523886	0.272292742017427	0.462897661429626
"ENSG00000146070"	15.3545038626213	3.71627885001942	1.33838535559548	2.77668821948963	0.00549158287316077	0.0256273867414169
"ENSG00000146373"	13.8909433931872	3.20392798691621	1.14901975485334	2.78840113356027	0.00529689122219221	0.0248814495568766
"ENSG00000146374"	10.011390075581	5.91679528527136	1.63818028323296	3.61180960717859	0.000304067778980205	0.00264761456331544
"ENSG00000146477"	24.4314758196835	8.05861689672805	2.4756070648872	3.25520839354012	0.00113309190129107	0.00740737363514899
"ENSG00000147381"	237.820836651722	10.9288065762581	1.96586242795223	5.55929368243852	2.70868581798896e-08	1.28933444936274e-06
"ENSG00000147647"	1.34960196342778	1.65778748658672	1.90390600493929	0.87072969058658	0.383901763012932	0.582021804645253
"ENSG00000148600"	2.72343225881263	3.34622293345747	1.64383107748794	2.03562457194269	0.0417880684525365	0.130291182860747
"ENSG00000148704"	14.4377033998523	7.30000752385985	1.61364712391054	4.523918157626	6.07052062206923e-06	0.000130901112363787
"ENSG00000148773"	1.76050203136274	4.2080579944871	3.00368402140495	1.40096560240675	0.161224359467773	0.32426533143659
"ENSG00000149090"	3.68184972535146	-0.373692622306866	1.18944158602578	-0.314174841957111	0.753388249200505	0.847116866030174
"ENSG00000149091"	1568.23072855184	0.0380671008721539	0.479272658893114	0.079426815124548	0.93669314062774	0.968956597310847
"ENSG00000149633"	7.56426113275509	6.37154128530933	1.73253626998543	3.67758031718604	0.000235456947620683	0.00218613227739939
"ENSG00000150051"	53.7309592657869	-2.43082776447286	1.78197559154002	-1.36411956258732	0.172529938774784	0.338424110673614
"ENSG00000151388"	23.7156358159167	2.13241395954631	0.983911947083555	2.16728129571662	0.030213411815979	0.0980562547118591
"ENSG00000151789"	15.1299842355089	5.29284536364151	1.51748259303265	3.48791174801149	0.00048680873117112	0.00377805906582804
"ENSG00000151846"	16.8039439945183	0.00999765208948065	0.69062592594542	0.0144762189108301	0.988450051836604	0.994018784523007
"ENSG00000152348"	3.22155780820083	0.0287105374543438	0.769754181332568	0.0372983195812476	0.97024714534203	0.987053072988348
"ENSG00000154269"	8.73500317028322	0.0151490332380475	0.96355103091235	0.0157220871049284	0.98745610621253	0.994018784523007
"ENSG00000156009"	0.537131173977873	-2.49326449301663	3.03381035819131	-0.821826086223482	0.411175884819109	0.60528334479974
"ENSG00000156150"	180.502728739943	1.8660879412338	0.695187474568103	2.6842945385245	0.00726830424088625	0.0325625919693288
"ENSG00000156508"	14217.675383701	0.411454144013363	0.284534174208815	1.44606230572291	0.148159727032319	0.305740014742993
"ENSG00000157150"	6.20783113065172	-0.225947088431936	0.654403291669987	-0.345271931403855	0.729889946158859	0.839027518615947
"ENSG00000157152"	70.658313835668	5.06410860815674	1.16688287290794	4.33986025995626	1.42573350638503e-05	0.000226216383013091
"ENSG00000158769"	0.313795606293176	1.96293795705263	3.05110637115576	0.643352842631007	0.519995175248866	NA
"ENSG00000160877"	19.436531210019	-0.073004250132637	0.491570606304419	-0.148512236485163	0.881938529721399	0.937059687828986
"ENSG00000161798"	165.061847830032	9.31246280628677	1.48435466309273	6.27374510811572	3.52465352612284e-10	8.38867539217237e-08
"ENSG00000161888"	0.589920976522756	0.2902109889829	1.82542798624721	0.158982436540555	0.873682711439495	0.935761587160039
"ENSG00000162231"	1.18399527616764	-1.3706547766834	1.66317441720371	-0.824119684926298	0.40987155617239	0.60528334479974
"ENSG00000162367"	25.0944327162805	7.6783665077922	1.47598773585032	5.20218855569873	1.96955245438176e-07	7.40137080225567e-06
"ENSG00000162399"	2.04434157454951	-1.55186205536023	1.37411632071854	-1.12935275708591	0.258749053681278	0.446248367943073
"ENSG00000162552"	0.918824703763656	-2.28414569561633	1.46209136118846	-1.56224553146916	0.118230158145734	0.265460166402685
"ENSG00000162728"	6.66884338502488	2.16976611788655	1.25969578226359	1.72245247498378	0.0849875848639059	0.209969327310826
"ENSG00000162994"	0.553147277405816	2.41394646263409	1.65544912479336	1.45818220957736	0.144790326129045	0.299653022771415
"ENSG00000163017"	0.590747496757285	2.75946050635705	2.36953432518761	1.16455814841955	0.244197892936466	0.42839630357896
"ENSG00000163041"	1978.65186231857	-0.0288674031663266	0.425310801697217	-0.067873665684319	0.94588620213678	0.968956597310847
"ENSG00000163081"	0.475829950252981	2.14874397070394	3.04495723552482	0.705672955151895	0.480391543331259	NA
"ENSG00000163376"	11.1860312127229	3.39750799280889	1.13154464080167	3.00253995317572	0.00267736826936139	0.0140561834141473
"ENSG00000163661"	185.563750223189	8.02389639903759	1.16443311390944	6.89081777492428	5.54725608051534e-12	1.98037042074398e-09
"ENSG00000163735"	46.2393923172166	7.4182366134506	1.82469111321601	4.06547527947126	4.79346752898229e-05	0.000622279239216973
"ENSG00000164096"	0.592236288120888	-0.778874285756796	1.42272525127577	-0.547452352489263	0.58406799660746	0.742036565084923
"ENSG00000164197"	31.8691190006764	1.75220425403419	1.18767302245334	1.47532546492866	0.140125063367955	0.295399068482069
"ENSG00000164221"	2.31800547414284	0.526727224775407	1.05001443062254	0.501638081738663	0.615922126623899	0.762163602096125
"ENSG00000164484"	6.30588421751725	6.0808765237318	1.84293437084405	3.29956216560594	0.000968357774808059	0.00640192084456439
"ENSG00000164485"	3.99126623835181	1.3115991947232	1.57186696633236	0.834421247355023	0.404043648248874	0.602269655218572
"ENSG00000164647"	5.19154052274353	-0.361243024156711	2.36884539772501	-0.152497509758822	0.878794554392084	0.936506435576042
"ENSG00000164687"	56.0676050427766	1.52497808123114	1.26432607744768	1.20615884496319	0.227756249025185	0.409617032251844
"ENSG00000164841"	10.5121690952316	1.76076085209217	1.2792689872821	1.37638047165752	0.168703870688346	0.33366915144454
"ENSG00000165092"	48.8755776671845	6.2719026297185	1.94963298946192	3.2169657897764	0.00129554045731868	0.00798882192554623
"ENSG00000165275"	33.1097470858329	-1.97287933513071	0.747065614722425	-2.64083809541112	0.00827012301702358	0.0355714929768364
"ENSG00000165495"	5.74129403827437	3.28267685809403	1.28808475404597	2.54849445875583	0.01081890056025	0.0424433791209808
"ENSG00000165637"	2.92480095168293	-1.35735361603253	1.2519793446192	-1.08416614209029	0.278291140750035	0.46968220423318
"ENSG00000165795"	109.7201727237	3.3732992807612	0.853392441653084	3.9528112930399	7.72383489588404e-05	0.000934714934857831
"ENSG00000165821"	347.465788914562	-2.05431720288583	0.607084165391441	-3.38390839359354	0.000714618417879809	0.00500232892515866
"ENSG00000166770"	3.63326398665979	4.85275372350406	1.86253761592165	2.60545273395875	0.00917529321182178	0.0378679731401199
"ENSG00000166840"	63.9290534981967	-0.702590945805012	1.21532549398169	-0.578109279599791	0.563190342397235	0.729525751172257
"ENSG00000167522"	21.1342833910813	0.561601613062816	0.706922797586884	0.794431322599683	0.426944375432709	0.620851902360396
"ENSG00000167552"	252.653049941908	1.20016518065283	0.684982771604468	1.75211002437568	0.0797548908960597	0.200886385755764
"ENSG00000167553"	5209.99763392459	-0.353032086523236	0.345683670577894	-1.02125763109683	0.307132394262751	0.497261971663502
"ENSG00000167580"	4.49815464962171	5.19186062822795	1.45824769906656	3.56034206777854	0.000370372012454452	0.0031860917697889
"ENSG00000167759"	7.93974837639072	3.67940276413451	1.63190145980054	2.25467214459397	0.0241539153432428	0.0821151939906044
"ENSG00000168172"	1027.02433847473	0.893476146407649	0.624604701111889	1.43046657320563	0.152583152984673	0.309501054633683
"ENSG00000168385"	1600.89324683813	-0.430459010729063	0.391497192321728	-1.09952004553666	0.271541295345859	0.462721920947358
"ENSG00000168522"	165.986656766117	0.266804966404193	0.4833680132281	0.551970670591909	0.580968447957135	0.740734771145347
"ENSG00000168671"	11.3019848804416	-0.621885686455902	1.3777610042426	-0.451374138577665	0.651719919154945	0.781329072590264
"ENSG00000168765"	5.76044408731803	-1.35412418395889	0.875960933048448	-1.54587280422014	0.122135289742287	0.273368642244491
"ENSG00000168802"	0.489213820378814	0.641121059773401	1.53741623578957	0.417012026313188	0.676669611173049	NA
"ENSG00000169180"	248.857462288232	-0.540761542087214	0.445276756983705	-1.21443918553109	0.224580059483248	0.408265219041337
"ENSG00000170144"	1703.4278638303	0.174250048196217	0.224732063755145	0.775367988370676	0.438122245260875	0.629602538632128
"ENSG00000170340"	0.717060523089931	0.985642190761362	1.83083594858197	0.538356367496916	0.5903310432483	0.74469322416835
"ENSG00000170439"	33.2128094997519	0.280299952499158	1.28840536379274	0.217555716839011	0.827775290830243	0.904757471057562
"ENSG00000170454"	200.158790003569	2.58172153433698	2.43765023138441	1.05910253288092	0.289553086573683	0.479831725729784
"ENSG00000170608"	63.6785764125345	-3.81929430842956	1.47739338381787	-2.58515731169702	0.00973345766397287	0.0397125072690093
"ENSG00000170919"	2.29031685112446	1.5982952702964	1.17387222525009	1.3615581286591	0.173337376983964	0.339076403196028
"ENSG00000170962"	25.2937816646232	0.848901149206323	1.52597385435502	0.556301241193366	0.578004938809396	0.738677894692643
"ENSG00000170967"	0.472851089069002	1.1345553422112	2.10654789950837	0.538585114763345	0.590173160757008	NA
"ENSG00000171044"	16.6758453397162	0.881058039142401	2.0928473577164	0.420985331727088	0.673765792935083	0.794913929280215
"ENSG00000172379"	43.5513835704008	-1.92024810688023	1.30471022980904	-1.47178129136098	0.141079947272249	0.295399068482069
"ENSG00000172421"	0	0	0	0	1	NA
"ENSG00000172543"	21.6669767981748	2.65405234319744	1.06399295943033	2.49442660280237	0.0126160815285583	0.0484294742547884
"ENSG00000172780"	3.91973311036362	0.113455267374461	0.820344150259199	0.138302037429794	0.890001715349568	0.941424036680876
"ENSG00000172974"	0.452880781148176	-1.6636754486737	2.55693943610431	-0.650651096847423	0.515271738054392	NA
"ENSG00000173163"	1.88665496441924	2.60024930108939	1.41043358623545	1.84358152447975	0.065244150611822	0.175666892038737
"ENSG00000173702"	1.47743149816676	2.85437737408843	1.66026952700844	1.71922529905828	0.0855733558873288	0.210687503805354
"ENSG00000174444"	1616.47520387362	0.458515939577578	0.392743149179231	1.16747024241111	0.243020518824876	0.427380912416162
"ENSG00000174697"	5.84596331381908	5.12110427646017	1.65554984932364	3.09329512400509	0.00197947176632779	0.0109561460554887
"ENSG00000174807"	31.0980601968041	7.56813630709408	1.65627083594072	4.56938330547585	4.89161436708231e-06	0.000112664924454735
"ENSG00000175322"	10.4859758354813	1.62588332492611	0.819439293855804	1.98414127454841	0.0472400929980324	0.144761486697833
"ENSG00000175556"	32.4016980588573	2.79432087014941	1.56350382089349	1.78721716749791	0.073902395662618	0.189234906560463
"ENSG00000176953"	1650.50459963429	-0.149187142010831	0.261823996510095	-0.569799346123261	0.568813799090988	0.731771265857596
"ENSG00000177879"	7.00959580818769	-0.649577379692693	0.778125021328171	-0.834798216080931	0.403831330456631	0.602269655218572
"ENSG00000178343"	9.36673484737812	6.66644239914655	1.77152807893029	3.76310287058616	0.000167818129202065	0.00172649676111848
"ENSG00000178395"	1.23915207078044	-1.06571786311601	1.95392035042095	-0.545425438087288	0.585460948879924	0.742485111012906
"ENSG00000178458"	17.3756858375203	0.276888840523893	0.60766740523032	0.455658536463619	0.648635542651406	0.781076957343108
"ENSG00000178934"	2.40820546839725	3.46459561540944	1.29172471548199	2.6821470348012	0.00731513004080396	0.0325625919693288
"ENSG00000179611"	430.064766654601	0.0623655883590726	0.459712687674373	0.135662099461671	0.8920884109009	0.941663844173768
"ENSG00000179636"	20.6106051067879	6.07760099663166	1.27792518080102	4.75583476085991	1.97628073169492e-06	5.42717093242374e-05
"ENSG00000179766"	6.21589473913753	1.89772165794481	0.93994637749266	2.01896800007575	0.0434905455848616	0.134425322716845
"ENSG00000180139"	1.03726489525044	0.334165557834605	1.4370956566805	0.232528402880629	0.816127629381619	0.899251739781599
"ENSG00000180347"	28.7675676031073	4.69248173995432	1.96020145287012	2.39387728903252	0.0166713253354278	0.0607312565790584
"ENSG00000180764"	0.632767494581907	-2.18025246889771	1.31055557511158	-1.66360931982001	0.0961905282125566	0.230618384289702
"ENSG00000180801"	175.391427835472	2.79060142339026	1.42576831570345	1.95726149378864	0.0503167322268624	0.150950196680587
"ENSG00000180861"	12.6586122788673	2.58420579265306	1.8743095587398	1.37875079418074	0.167971602641151	0.333143678571616
"ENSG00000181690"	19.0628041541298	-0.402709806900143	1.27312637062255	-0.316315658989312	0.751762926731895	0.847116866030174
"ENSG00000181873"	0.541319644636413	2.04630606546929	1.679016801315	1.21875258417106	0.222938113051098	0.407104380354179
"ENSG00000182103"	15.8324594699403	5.70150606217633	1.40871591048136	4.0473072105987	5.18102233605383e-05	0.000660580347846864
"ENSG00000182183"	2.26415762202058	2.08511771041656	1.05907553662782	1.96880924759695	0.0489749999656579	0.148170127014745
"ENSG00000182253"	37.1273925695351	3.0936534110287	0.989777819974519	3.12560389674962	0.00177440377701219	0.0100549547364024
"ENSG00000182718"	117.968032582147	1.28866341625252	0.708914149995554	1.81779897644955	0.069094863150038	0.182985778277474
"ENSG00000182742"	214.184348962018	-3.7263658730233	2.18093397742042	-1.70861012373735	0.0875231921373356	0.214747626068926
"ENSG00000183010"	1843.89421667492	-0.241862025194392	0.586093358203694	-0.412668087445438	0.679849808889217	0.799691537968535
"ENSG00000183571"	27.0262516292042	4.05801264685261	1.1619461987448	3.49242731826681	0.000478651839104968	0.00377805906582804
"ENSG00000183780"	3.09553911696859	3.55069985339285	1.63412773517872	2.17284106802368	0.0297922811767462	0.0972087618698952
"ENSG00000183831"	28.5651883116525	2.46371031084812	1.74109681231458	1.41503349694432	0.157058674997578	0.317676753394534
"ENSG00000183856"	1.20630069581861	-0.500323189274298	1.46290861364503	-0.342005771657656	0.732346548739079	0.839027518615947
"ENSG00000184009"	31.515105290067	0.707727428265435	0.612340442699711	1.15577443349189	0.247773433169669	0.431488368983278
"ENSG00000184330"	0.322374898722179	-1.81532020613852	3.06168404800731	-0.592915590790635	0.553237643501106	NA
"ENSG00000184500"	88.1216494186267	7.15596545211103	1.33188527740121	5.37280918524292	7.75193495483773e-08	3.45930097359634e-06
"ENSG00000184647"	0.472666165748842	1.90560471206183	2.01860569589708	0.944020278915823	0.345159285576395	NA
"ENSG00000184900"	0.497479505144176	1.35351870839371	2.12364526842608	0.637356308286297	0.523892781042037	0.696572524513993
"ENSG00000185155"	6.32317596126021	1.73989991068319	1.33701436642546	1.30133224771163	0.193144753655918	0.369719448016959
"ENSG00000185432"	0.681586323557677	-1.31998679104715	2.18507046788004	-0.604093465382744	0.545781503809225	0.716503959011794
"ENSG00000185554"	11.7320593451589	6.5715231307715	2.37517311348689	2.76675543919581	0.00566172104373684	0.0262497975664163
"ENSG00000185651"	37.6196764695312	-0.708608656374806	0.441824641410572	-1.6038233044506	0.108753006176736	0.252282373536402
"ENSG00000185658"	70.667491460922	-1.41366594784362	0.529791417965308	-2.66834437083349	0.00762260837565211	0.0331862340257049
"ENSG00000185863"	4.08377910387439	-0.80907530489235	1.18160068878187	-0.684728193351373	0.493515454748912	0.667367489944552
"ENSG00000185945"	60.5053290916812	23.8033774953745	2.87562861912961	8.27762574660258	1.25655415274041e-16	8.97179665056653e-14
"ENSG00000186073"	142.508876772456	0.07208421178699	0.565730342541703	0.127417969952136	0.898609594196619	0.944929676371702
"ENSG00000186468"	2.88249129416265	0.711738200096326	1.18151426377783	0.60239492820051	0.546911285240095	0.716503959011794
"ENSG00000186530"	8.91902916968992	6.19052989157773	1.30965491759993	4.72684048934238	2.28040260081456e-06	5.81502663207712e-05
"ENSG00000186652"	2.07608131195597	4.44696954537115	1.68867168911043	2.63341274331054	0.00845315528615226	0.0360069807442375
"ENSG00000186847"	36.9228907580282	7.46059750987793	1.69777651704396	4.3943342571776	1.111127393335e-05	0.000195293699456943
"ENSG00000186867"	4.35137326161299	5.57449106278026	1.86436745001427	2.99001737170298	0.00278961581621626	0.0143334292189066
"ENSG00000187634"	1398.86121374665	-0.104485855112586	0.542678579911633	-0.192537275249744	0.847321372646629	0.913878338473856
"ENSG00000187653"	25.1476511864	0.927665953681864	0.799657845855104	1.16007859922874	0.2460168064533	0.429476772145858
"ENSG00000188306"	6.16468118844244	-1.25833154181119	1.64431694219763	-0.765260947886016	0.444116173432497	0.632932031598409
"ENSG00000188428"	287.45750001717	-0.809342047931139	0.436326280376891	-1.85490098655539	0.0636103670857886	0.175051030294621
"ENSG00000188612"	462.756411413492	-0.570629340673119	0.358865151939569	-1.59009404392993	0.111813608330767	0.255881142141563
"ENSG00000188859"	117.39788461969	4.33480895452966	1.43088296179431	3.02946437288894	0.00244987796907373	0.0131519764655537
"ENSG00000188976"	1266.19211730463	0.204418532165661	0.573968108928493	0.356149634423554	0.721728508014883	0.835193119485618
"ENSG00000189127"	19.4798262540259	-1.25584103605687	1.66101896041147	-0.756066647033199	0.449609237821434	0.635102389318161
"ENSG00000189316"	19.1154188172733	3.2756885182028	1.0129815909613	3.23370982003162	0.00122193541170471	0.00772466380354431
"ENSG00000196205"	446.191856691448	0.312442507587729	0.434226190637602	0.719538605280694	0.471809124632069	0.6493772002004
"ENSG00000196531"	193.854171157324	-0.554064904162782	0.43335212583056	-1.2785558697811	0.201053498614375	0.376299125042195
"ENSG00000196628"	169.096410227775	0.825937547783902	1.70978522179984	0.483065087505237	0.629049522302428	0.770396842065066
"ENSG00000196656"	2.08666870649651	-1.19818594170143	0.947078281115366	-1.26513928742019	0.205821401584308	0.382699168570822
"ENSG00000196933"	3.12060927095045	-1.21879977801554	1.13534270540873	-1.07350826513371	0.283043132311033	0.473285237634843
"ENSG00000197415"	78.6832151279989	8.54620320269036	1.3909826889513	6.14400399844918	8.04668152311301e-10	1.12683427026469e-07
"ENSG00000197576"	14.3738287777518	6.45786367576458	1.88207426926884	3.43124805498423	0.000600810936126071	0.00445806737203488
"ENSG00000197584"	11.1301385533519	-0.0118758101639782	1.14962673902481	-0.0103301443510718	0.991757883900296	0.994543720652825
"ENSG00000197632"	18.9323367236951	5.09536919728347	1.37220954106741	3.71325883167953	0.000204607438821307	0.00200122892217005
"ENSG00000197728"	139.301125102756	-0.943233389347117	0.5397566927456	-1.74751587525323	0.0805478935940662	0.201793670267239
"ENSG00000197813"	43.8962629822942	1.84185012795755	1.28528708015455	1.43302625257548	0.151850335024492	0.309501054633683
"ENSG00000198039"	19.3711126579953	3.80532483239622	1.33006199964436	2.86101312075204	0.00422289574865834	0.0203726186793382
"ENSG00000198046"	80.7584633583714	2.56207162050989	2.27979819909805	1.12381509096881	0.261091478068322	0.448123354184571
"ENSG00000198053"	43.3303971768761	4.1300377314922	0.899388006417309	4.5920533763221	4.38906071726301e-06	0.00010445964507086
"ENSG00000198153"	2.74417403762284	2.42051283972129	1.63840880540256	1.47735585388688	0.139580273238256	0.295399068482069
"ENSG00000198185"	104.488751041559	2.68018199145734	2.16574032888597	1.23753616983066	0.215888094839569	0.395241281321673
"ENSG00000198250"	5.53565562479246	4.63649262292217	1.54926444431504	2.99270575784242	0.00276516202216755	0.0143334292189066
"ENSG00000198483"	34.1065897373337	2.41040018265325	0.991118109945569	2.43200094768284	0.0150156680266083	0.0558395154739497
"ENSG00000198542"	25.6556623800021	6.47432036973864	1.66149821036961	3.89667610192513	9.75219035041384e-05	0.00114148588691729
"ENSG00000198643"	16.4764568126936	3.06066645629377	0.98108048040281	3.11968948259691	0.0018104177843241	0.0101782543150189
"ENSG00000198681"	0.532752643957801	-2.49843541132804	3.03364317140791	-0.823575902029546	0.410180573122566	0.60528334479974
"ENSG00000198695"	0.924372613273365	-2.28983225254749	2.15877615350426	-1.06070851710609	0.288822388113346	0.479831725729784
"ENSG00000198744"	27.0592002601961	-0.809432950539784	0.438318024556648	-1.8466795915101	0.0647935912314313	0.175666892038737
"ENSG00000198759"	0.261142902699016	1.70586150652625	2.57794605016262	0.66171342352903	0.508154900182912	NA
"ENSG00000198771"	320.551835106685	8.91960858827841	1.51320873741574	5.89449979221727	3.75818070682292e-09	2.98149002741285e-07
"ENSG00000198786"	0.819437338940714	-0.819608449223237	1.60055379978886	-0.512078037821257	0.608596394474008	0.757034539467669
"ENSG00000198886"	33.3708144551999	-0.582071013553796	0.746810247740636	-0.779409515756868	0.435738520169418	0.628519804850433
"ENSG00000198888"	0.419716758350282	-0.937363042522389	1.72019392596505	-0.544917074972532	0.585810552072344	NA
"ENSG00000198899"	0.439803615929086	-0.195302598903256	1.78340391839268	-0.109511141524953	0.912797085259607	NA
"ENSG00000198938"	3028.21477078609	-0.375754795863249	0.481376413849861	-0.780584143826468	0.435047120577295	0.628519804850433
"ENSG00000203307"	1.43736334084409	0.998633437103681	1.51497240029183	0.659175993510715	0.509782760810933	0.683440880803982
"ENSG00000203506"	0.692806481291234	2.85047550989552	3.02756115039906	0.94150881461793	0.346444174265675	0.542458641284412
"ENSG00000203652"	0.787222772974443	3.11039543089842	3.02262202124984	1.02903883086655	0.30346142817557	0.493201969977592
"ENSG00000204525"	53.1008495935024	-0.301037796662906	0.741370502432311	-0.406055805667007	0.68470159702361	0.804073914925753
"ENSG00000204592"	1.85286200876913	0.775782581741151	1.54555248420348	0.501945155321567	0.615706100653714	0.762163602096125
"ENSG00000204632"	1.00764066366119	2.40746010521704	1.89681409960088	1.269212468277	0.204365295299524	0.380983866433055
"ENSG00000205076"	0.978762180822551	-1.01015773960079	2.25891524489014	-0.447187092072557	0.654739980435259	0.781746398044775
"ENSG00000205325"	22.4140393416239	6.27931960905776	1.432355248703	4.38391217174909	1.16566784340872e-05	0.000198163533379482
"ENSG00000205542"	3506.42459542838	0.920455542330906	0.809385654858957	1.13722739809529	0.255443236232863	0.442685608422971
"ENSG00000205595"	0.380769851027523	0.0270547614421047	2.08393923358738	0.0129825097613483	0.989641746874694	NA
"ENSG00000205663"	13.7024226697085	3.46539134235506	2.31705946373182	1.49559879519611	0.134758237313427	0.288941085410772
"ENSG00000205664"	7.14393460806105	0.851374582485945	0.828158262338231	1.02803367569161	0.303933987101037	0.493201969977592
"ENSG00000206150"	1.33989380586426	1.04763344242146	1.15136036119429	0.909909249728526	0.362870371282581	0.560750221118435
"ENSG00000206249"	28.858215503829	7.46832875104878	1.7181022224839	4.34684773310615	1.38108023903194e-05	0.000224111656970184
"ENSG00000206432"	54.6257976871541	9.22035345550651	1.72240704550129	5.35317913357873	8.64222165171503e-08	3.62973309372031e-06
"ENSG00000206503"	4.11570924177333	1.6748988523236	1.38774336040951	1.20692261992113	0.227461945516586	0.409617032251844
"ENSG00000206685"	2.44297169567442	3.34207326123849	1.84967404707385	1.80684443647009	0.0707865379878142	0.185863931739029
"ENSG00000211455"	16.7468109109207	2.2415751626661	0.585988185226571	3.82529071264364	0.00013061785867832	0.00143478693994339
"ENSG00000213023"	4.42650531893311	4.00262951672459	1.52366207252611	2.62697981980253	0.0086146442802681	0.03639559772847
"ENSG00000213071"	0.889028206449096	3.26622127552561	3.01902074416479	1.08188103107228	0.279305394630622	0.46968220423318
"ENSG00000213214"	1.49589341405212	-0.114993962877162	1.62660402160329	-0.070695732550702	0.94363991727233	0.968956597310847
"ENSG00000213300"	252.970366992432	0.00927082614355403	0.262684226638	0.035292663979897	0.971846372984326	0.987053072988348
"ENSG00000213366"	2.72307376800648	-3.22002184127208	1.77203135554617	-1.81713592775542	0.0691963027099693	0.182985778277474
"ENSG00000213406"	3.07439105287798	4.12495650097521	1.54585771987433	2.66839337666247	0.00762149649632109	0.0331862340257049
"ENSG00000213463"	292.768578573468	-1.13641093250257	0.460275731813156	-2.46897860120917	0.0135499320977298	0.0511886323692015
"ENSG00000213480"	0.551534348599373	2.64302488582489	3.0318784073332	0.87174501438851	0.383347497281096	0.582021804645253
"ENSG00000213853"	1.01280307796775	-3.43226131303676	2.01219589528869	-1.70572920910582	0.0880585086998453	0.215321147985238
"ENSG00000214199"	1.62269031356171	2.07999216346815	1.00761756042841	2.06426748118978	0.0389923624560558	0.123735763527217
"ENSG00000214391"	0.606640042676416	-1.55745705888832	2.08387789425303	-0.747384030121686	0.454831782448893	0.63801550622497
"ENSG00000214402"	0.796578976742921	-0.60191493874386	1.8065897620936	-0.333177432626608	0.739000352044348	0.841685142311707
"ENSG00000214491"	5.21051593844999	4.55140768903717	1.75007745116889	2.60068929292087	0.00930366752919672	0.0381771184818762
"ENSG00000214653"	0.55302504653061	2.09687708352731	2.02233027750186	1.0368618355047	0.299800252464584	0.490957294173654
"ENSG00000214842"	1.39026150693584	3.95839691110512	1.53736518561972	2.57479286517696	0.0100300133049321	0.0404600536707429
"ENSG00000215182"	5.16884551220441	1.43927856514308	1.30019216860328	1.10697372272993	0.268305289518549	0.458301379703933
"ENSG00000215346"	1.32833044754284	0.99883221264527	2.23068801614167	0.447768672901605	0.654320154421849	0.781746398044775
"ENSG00000215386"	33.8797418513643	3.91759137108269	1.12893533722495	3.47016453636094	0.000520139629850719	0.00390925995487804
"ENSG00000215452"	11.5884296292927	4.01294256353904	1.79457804660777	2.23614825285786	0.0253420615666722	0.085350150748132
"ENSG00000217746"	0.512062605343873	-1.84518846262029	2.54923788353506	-0.723819646074593	0.469176466434162	0.649209296577504
"ENSG00000219102"	3.10288281348802	-0.0612054995056519	0.844456764345439	-0.0724791393590102	0.942220606180447	0.968956597310847
"ENSG00000219294"	0.861696869643995	0.719670687230247	1.24746657891436	0.576905786010361	0.564003101746619	0.729525751172257
"ENSG00000220875"	0.406432305913665	-2.12051770793341	2.42185827102222	-0.875574649972554	0.381261311523215	NA
"ENSG00000221914"	3.81947774265954	-0.143517932563306	0.918652491128934	-0.156226575281951	0.875854429872841	0.936167758876061
"ENSG00000222640"	1.47908198151088	1.91635381258569	1.81228602184659	1.057423491372	0.290318355063398	0.479831725729784
"ENSG00000223351"	0.243400640975979	0.850586633492894	2.61084770227385	0.325789448672973	0.744583662329378	NA
"ENSG00000223374"	97.1303388099382	-0.105765594715457	0.317605030173593	-0.333009822475573	0.739126868668684	0.841685142311707
"ENSG00000223518"	2.7608304576167	0.190229778813142	0.811681457556483	0.234365066544475	0.814701576329069	0.899251739781599
"ENSG00000224064"	5.44117479843773	-0.758189414895177	0.921368849796678	-0.822894560698996	0.410567956142132	0.60528334479974
"ENSG00000224631"	254.924004808159	1.02570212645217	0.406562258421878	2.52286606836935	0.0116402725077648	0.0449251598407786
"ENSG00000224853"	10.6052648062633	6.86146558561185	1.53696699516053	4.46428947870491	8.03348916674758e-06	0.000158077711319559
"ENSG00000224864"	0.348210607527829	0.140544168576486	2.10520609518671	0.0667602895972144	0.946772537157499	NA
"ENSG00000225156"	9.8201490504617	3.87734916132348	1.29059559899681	3.0043099204254	0.00266184026166995	0.0140561834141473
"ENSG00000225278"	0.84814888177053	0.57408255710532	1.64328543202143	0.349350481613612	0.726826204034424	0.838374652149562
"ENSG00000225542"	3.51349578431977	5.26491732471391	2.99488260903595	1.75797118352118	0.0787524125755526	0.199394406308314
"ENSG00000225643"	10.2945230820974	0.840676340390721	0.673596258096651	1.24804188011106	0.212015720603074	0.390152640491224
"ENSG00000225774"	0.842633385177959	3.11639156033674	3.02247646674605	1.03107223319155	0.302506947736499	0.493201969977592
"ENSG00000225806"	27.3288390987047	1.15607135320702	1.55190649968185	0.744936214549022	0.456310281023844	0.638834393433381
"ENSG00000225830"	224.540858261262	-0.919810530039869	0.624601373743172	-1.47263609832866	0.140849185673635	0.295399068482069
"ENSG00000225968"	15.1275506367045	6.94908462839375	1.98701288920332	3.49725191323744	0.000470077708337441	0.00377805906582804
"ENSG00000226145"	189.367353616136	3.90013696634422	2.22707025765088	1.75124109935269	0.0799043887319844	0.200886385755764
"ENSG00000226216"	0.612349389738351	2.77957579667674	3.02896903686006	0.917663984957123	0.358794808281449	0.556911941549902
"ENSG00000226252"	2.95251950576169	4.99648780911571	2.996557554398	1.66740925826118	0.0954330541737607	0.230200002297517
"ENSG00000226329"	14.0442480210152	7.26384838423469	1.44309835213479	5.0335088897366	4.81582472982483e-07	1.56521541123174e-05
"ENSG00000226383"	25.0501097458261	-1.23003443009035	1.75043478086352	-0.702702233489419	0.48224133548839	0.658478636246597
"ENSG00000226403"	4.24954280133442	1.20161837437303	1.22900488116126	0.977716519105809	0.328214549324228	0.516178828672905
"ENSG00000226642"	0.246477679457516	1.64603192201174	3.06351322666394	0.537302045143839	0.591058992988063	NA
"ENSG00000227019"	11.7659416047575	7.00593524836038	2.76390738171725	2.53479378314316	0.0112513538658018	0.0436601448922962
"ENSG00000227189"	6.57671798934195	-1.59017024606177	2.05936421039639	-0.772165621813779	0.440016340024414	0.629602538632128
"ENSG00000228295"	0.494338930943376	2.52521802954302	2.45112689560495	1.0302273758535	0.302903281590532	0.493201969977592
"ENSG00000228340"	19.556491035137	7.73988762219938	1.71300331102133	4.5183144553204	6.23338630303748e-06	0.000130901112363787
"ENSG00000228502"	1.22801651432574	0.218705037011057	1.43403555226826	0.152510191720926	0.878784552636738	0.936506435576042
"ENSG00000228577"	0.992219496086874	3.31590320072553	2.56149611220021	1.29451814700484	0.195486505174047	0.372206305851385
"ENSG00000228703"	306.82048691675	1.03023325377487	0.615385369022424	1.67412698714541	0.0941056449509633	0.227767560999959
"ENSG00000229142"	0	0	0	0	1	NA
"ENSG00000229152"	58.602370347318	0.360017212130875	0.493967433979611	0.728827828244513	0.466106986707969	0.647471572975661
"ENSG00000229162"	7.24339453155864	6.30184912984213	1.36521926870081	4.61599779194385	3.91211104809198e-06	9.6318872011644e-05
"ENSG00000229298"	11.2042642100086	2.48382990086227	0.783587798388155	3.16981697005941	0.00152534987594645	0.0089270476346374
"ENSG00000229473"	6.43079477790441	0.565447903995401	1.17486503741984	0.481287540258411	0.630312151245794	0.770621362995713
"ENSG00000229588"	0.707421900677565	2.97643800217445	3.0252207547847	0.98387464698796	0.325177150754269	0.513664791235726
"ENSG00000229638"	72.7769335615369	0.71593557488165	0.630952519295193	1.13469009630295	0.256505188332106	0.443449647624996
"ENSG00000229967"	9.46199879509745	6.67672113827342	1.84486415586293	3.61908551209853	0.000295645939939089	0.00260606421131493
"ENSG00000230043"	5.9824703444744	1.72370304093219	1.12745325888903	1.52884656400806	0.126302485848025	0.277476845832277
"ENSG00000230207"	12.3222137737544	0.926204587732896	0.724851759721485	1.27778483712143	0.201325302193443	0.376299125042195
"ENSG00000230364"	0.446257387733777	2.41759595845415	1.95329371488075	1.2377022155123	0.215826497359853	NA
"ENSG00000230500"	0.472105199073061	-2.31978675694421	3.03977373136059	-0.763144550205018	0.445377193644256	NA
"ENSG00000230673"	0.803709216051454	0.601760062131228	1.29624684147558	0.464232615946986	0.642481095687279	0.778831073549605
"ENSG00000230850"	3.98700551125209	0.104659375155018	1.12639844494993	0.0929150565008732	0.925971044135965	0.960964135920173
"ENSG00000230898"	0.918481111723046	1.65470282205664	2.1398719234264	0.773271897229766	0.439361483832557	0.629602538632128
"ENSG00000230928"	29.79495574032	4.71663477446076	1.47993066559172	3.18706469439561	0.00143724623151243	0.00862347738907455
"ENSG00000231106"	32.3322589569252	8.46393821315942	1.99464448312046	4.24333172391617	2.20225524868253e-05	0.000314660801152423
"ENSG00000231205"	0.242888796770316	1.62964119069412	3.06422825582837	0.531827610294511	0.59484539800446	NA
"ENSG00000231290"	10.2814315355435	1.36729113259563	0.955386725264399	1.43113892671811	0.152390402856988	0.309501054633683
"ENSG00000231435"	7.44811178112298	-1.37384816097967	1.40140023079445	-0.980339613759618	0.326918506754573	0.515275527202573
"ENSG00000231767"	2.35275761885527	1.18407405991776	0.867841966920954	1.36438903054986	0.172445158469826	0.338424110673614
"ENSG00000231817"	78.4158937550774	9.74193895601037	1.57750489467019	6.17553643663787	6.59391964790204e-10	1.12683427026469e-07
"ENSG00000231826"	10.4572280373171	6.41645019133941	1.35662895908742	4.72970162427878	2.24850051883621e-06	5.81502663207712e-05
"ENSG00000231896"	0.0548111437960351	-0.376141199142311	3.08457506014951	-0.121942631256339	0.902944452681806	NA
"ENSG00000231964"	0.516742882914309	0.0733228580299127	1.7842666134411	0.0410941153511267	0.967220865912095	0.986565283230337
"ENSG00000231965"	0.494334975261679	0.37295548427786	2.57597333577269	0.14478235434296	0.884882714612033	0.938108053622591
"ENSG00000231991"	14.0375847228498	1.84848830447365	0.935357418202791	1.97623739171852	0.0481278967944764	0.146851787654941
"ENSG00000232274"	1.33722818886497	1.62490308181422	1.51040562723103	1.07580576536456	0.282014133288497	0.472671575511707
"ENSG00000232295"	260.341854311108	2.36461257786825	0.678670266972696	3.48418472554565	0.000493638657416806	0.00378987098274838
"ENSG00000232499"	8.06750703424408	-0.520164701224479	0.818437449915188	-0.635558283993948	0.525064366670178	0.696832635320645
"ENSG00000232677"	5.96461122326623	0.328428895803049	1.46852667166024	0.223645169094371	0.823033413892307	0.902690243820011
"ENSG00000232710"	10.4315461087286	0.989602751478094	0.529312620771413	1.86959976513664	0.0615394179254035	0.172988757475347
"ENSG00000232745"	16.4174804964682	-0.660381576962169	1.53577300741254	-0.429999468524827	0.667196027800457	0.791325521344728
"ENSG00000232906"	4.37571896606155	1.7592936737329	0.869820877294579	2.02259306445353	0.043115119847188	0.133844328569097
"ENSG00000233101"	19.7411252447456	2.24694691311952	1.48541147155146	1.51267642411073	0.130361870964648	0.283775536185239
"ENSG00000233218"	1.23447387754513	-2.25228405986869	1.859598522211	-1.21116683680238	0.225831469937068	0.40924789222098
"ENSG00000233332"	2.9264423322862	5.02587013800243	1.41617380956268	3.54890770049931	0.00038683264743263	0.00328807750317736
"ENSG00000233429"	15.5875654790535	7.41041926106423	1.55112982181742	4.77743329851116	1.77546916697769e-06	5.07073994088829e-05
"ENSG00000233476"	67.5756923679247	1.00770234006568	0.409116955700752	2.4631155615138	0.0137735514506582	0.0517595565040525
"ENSG00000233725"	15.8442118434151	3.35466356014055	1.46579651143516	2.2886284241842	0.0221009509394817	0.0766023251009222
"ENSG00000234129"	8.9118039100943	1.15063118338223	0.603501894454712	1.90659083915863	0.0565735922997385	0.163536619036491
"ENSG00000234449"	2.16656557890594	1.59545280792272	1.4153490797272	1.12725039410789	0.259636629274904	0.446700128439233
"ENSG00000234745"	10.5992004568398	-2.14136521038037	1.54134433027614	-1.38928412575841	0.164746369046245	0.328948972761717
"ENSG00000234899"	37.4641667727259	8.26172392339592	1.4172525810442	5.8293941629719	5.56289650471923e-09	3.61082554942684e-07
"ENSG00000234978"	26.1428313535126	0.51084765580807	0.909724126641029	0.561541285811855	0.574428593611324	0.736341141541267
"ENSG00000235034"	0.0761075205654002	-0.376141199142311	3.08457506014951	-0.121942631256339	0.902944452681806	NA
"ENSG00000235238"	5.3439269117972	-0.184057042302008	0.942750277405306	-0.195234142819433	0.845209651209708	0.913781060233275
"ENSG00000235432"	1.53162848331295	-1.23367929864195	2.38185714761002	-0.517948483971777	0.604494213000194	0.754560958185557
"ENSG00000235489"	1.62803647333471	0.385413436800846	0.968163208820587	0.398087257695275	0.690565866749908	0.807958023891104
"ENSG00000235565"	3.81049367062831	0.70009383589229	0.843150213752412	0.830331089849988	0.406351614830848	0.604433619609171
"ENSG00000235655"	249.917217296225	0.0529404970284668	0.543195942309304	0.0974611422968282	0.922360191235338	0.958610155083015
"ENSG00000235939"	12.8604011059632	-2.12744458457238	1.4771694658391	-1.44021700540899	0.149806013505535	0.308246379374502
"ENSG00000235994"	1.74627787225698	2.88369590351239	1.5043190697157	1.91694432488806	0.0552450051161587	0.160983356752164
"ENSG00000236008"	73.1199170570497	-2.64357093740817	1.04165725164798	-2.53785103807019	0.0111535447493847	0.0435171090221897
"ENSG00000236081"	120.736934113979	4.61076745987735	1.43898937674866	3.20417060360459	0.00135452187060074	0.0081960052170248
"ENSG00000236194"	1.81577800617921	2.83364527511903	1.11166684916229	2.54900582602994	0.0108030495516694	0.0424433791209808
"ENSG00000236444"	1.72081331628164	0.209496848899608	1.45551137451089	0.143933501701427	0.885552980590513	0.938108053622591
"ENSG00000236449"	39.9409889040091	-1.19646912123661	1.73080274620332	-0.691279883777156	0.489389670909094	0.663044070263934
"ENSG00000236548"	13.5542548608638	3.32716761560056	0.993788166444783	3.3479646145348	0.000814074049444752	0.00558893145484186
"ENSG00000236565"	61.2102000403521	-0.235495073604766	0.331131967825524	-0.711181934958484	0.47697150161769	0.654918561836597
"ENSG00000236699"	37.8258952836201	-2.50180868125295	1.34655223151005	-1.85793660484107	0.0631780174446545	0.174841490137532
"ENSG00000236761"	0.713135341339553	0.726371962301859	2.12461304026633	0.341884356603029	0.73243792267865	0.839027518615947
"ENSG00000236876"	0.594617136166823	-0.871363540562057	1.8188873795688	-0.479064042309552	0.631893069263337	0.771233592229099
"ENSG00000237037"	81.436073169836	-0.649259221057648	0.451540623730102	-1.4378755463777	0.15046936919526	0.308456119912812
"ENSG00000237070"	3.08087855488479	5.03935298926139	2.99626904937232	1.68187599518711	0.092592888382623	0.224868443214942
"ENSG00000237604"	3.34004223754281	2.51307746838658	1.3604005639789	1.84730698805088	0.0647026607419457	0.175666892038737
"ENSG00000237798"	9.07869155690074	-0.115054572125288	1.3160161861953	-0.0874264111127083	0.93033257671749	0.964089201416963
"ENSG00000237978"	34.4286487371719	-0.101068117331508	1.40218141994271	-0.0720792016596807	0.942538877837251	0.968956597310847
"ENSG00000239219"	0.533179093933975	1.33232767540488	1.73180623680273	0.769328373516329	0.441698397475058	0.630745311594383
"ENSG00000239264"	176.210084427129	1.11213753278821	0.748916005427293	1.4849963476928	0.13754479160458	0.29315516777812
"ENSG00000239322"	5.24439080835103	2.25992049236694	1.44076735669697	1.56855336974591	0.116752045014534	0.263940669430237
"ENSG00000239527"	0	0	0	0	1	NA
"ENSG00000239809"	0	0	0	0	1	NA
"ENSG00000240766"	1.32037652352205	3.77439796795679	3.00956273386475	1.25413500289787	0.209792939634108	0.38705984211564
"ENSG00000240891"	10.2609692914786	-0.975001058667676	1.78017124146328	-0.547700713256236	0.583897422302071	0.742036565084923
"ENSG00000240925"	1.65074113446284	-3.05345103014288	1.45764238095206	-2.09478749386288	0.0361898873344673	0.115577483001001
"ENSG00000240990"	85.4881173138565	6.26774636685014	1.98306123751726	3.16064186434162	0.00157421924714916	0.00906445598761696
"ENSG00000241666"	20.0246470088353	7.77281194589732	2.38929298926388	3.25318492994534	0.00114119201661959	0.00740737363514899
"ENSG00000241732"	7.9448739911324	6.43417006663901	1.82884696739914	3.51815662072003	0.00043455580495546	0.00360782377602556
"ENSG00000242320"	0.456645123392401	-2.27524384816945	3.04142164036033	-0.748085637971555	0.454408504278215	NA
"ENSG00000242715"	9.38199260414048	2.05430233013904	1.13874551469176	1.80400476105946	0.07123056058168	0.186295312290548
"ENSG00000242970"	0.550817262715657	-1.34332643322693	2.51289349394932	-0.534573564881068	0.592944767342638	0.745356626553949
"ENSG00000243404"	10.6479172216014	0.898107306340678	0.672766503414657	1.33494652569992	0.181893848762874	0.35291360874101
"ENSG00000243896"	3.48902785386772	0.57453191090772	0.95289198414448	0.602934981579831	0.546551943412683	0.716503959011794
"ENSG00000244383"	6.00003468524578	1.14358367085773	0.983409752931334	1.16287607220587	0.244879786843052	0.42853962697534
"ENSG00000244405"	2.61753815341166	4.85113769231813	1.72728014094663	2.80854134619963	0.00497664914993565	0.0235814509705574
"ENSG00000244693"	2.1120399294753	0.419605188846356	1.13767484516423	0.368826990092923	0.712256685629989	0.828259403159303
"ENSG00000244730"	4.00995902784315	-1.5993211367044	0.863445532329965	-1.85225480568382	0.0639892421665212	0.175051030294621
"ENSG00000245651"	2.34102263430501	3.7967493787153	1.73863784644887	2.18374941421531	0.0289806665605911	0.095355741586461
"ENSG00000245970"	0.568112903581113	-2.00107291024145	2.0236915480211	-0.9888230803742	0.322749709749273	0.510960737829227
"ENSG00000247728"	3.08087855488479	5.03935298926139	2.99626904937232	1.68187599518711	0.092592888382623	0.224868443214942
"ENSG00000248099"	16.9497588542904	0.384776059184401	1.26174782334467	0.304954803222429	0.760400575453422	0.850981208266055
"ENSG00000248278"	1.15933734385039	-0.361523579899796	1.13876908962723	-0.317468732856226	0.750887960889099	0.847116866030174
"ENSG00000248458"	3.83807222754768	5.35719178820157	2.08768991241383	2.5660859672438	0.0102853333454331	0.0412568989249396
"ENSG00000248498"	15.28912770859	3.80679177246537	1.53588006202736	2.47857359867046	0.0131908893939756	0.0500973139749923
"ENSG00000248778"	36.1641937001076	-2.15255023420903	1.1914105913247	-1.80672410492479	0.0708053073291538	0.185863931739029
"ENSG00000249264"	3.29819585605176	0.152433689260337	0.947886019926985	0.16081436592142	0.872239610137491	0.935761587160039
"ENSG00000249304"	2.41732022131364	3.74565369244668	1.97399990584054	1.89749436226632	0.0577627221591628	0.164970334486569
"ENSG00000249855"	2.9408060599715	-1.60835018103454	1.04493399918677	-1.53918829541987	0.123758334226642	0.275468817708907
"ENSG00000249916"	0.739097700268221	-2.04492110911124	2.06622415912854	-0.989689865001731	0.322325730295033	0.510960737829227
"ENSG00000250182"	1.21434015664074	1.06833970347529	1.07769835349174	0.991316076538368	0.321531265276318	0.510960737829227
"ENSG00000250328"	1.03356500113627	-2.09673903019313	1.58644522611478	-1.3216586338301	0.186281849164809	0.359473622442361
"ENSG00000250568"	0.89850453076874	-0.238089961520529	1.76784050306668	-0.13467841759905	0.892866137963082	0.941663844173768
"ENSG00000250620"	13.0753793000661	7.15985464258741	1.96393370608742	3.64567022827434	0.000266695802437006	0.00238026003675028
"ENSG00000250909"	12.5039978850831	-0.104988404754321	0.507072094451404	-0.207048279530955	0.835972153720489	0.908499418198522
"ENSG00000251161"	5.25660563881762	0.261417532481287	0.847038137386751	0.308625457276106	0.757606453497144	0.849185255568227
"ENSG00000251320"	10.652721220821	6.87413009942899	1.19036210523451	5.77482269403622	7.70341605806155e-09	4.23095312727381e-07
"ENSG00000251533"	19.6073645138982	-0.553443578864896	1.86253999020485	-0.297144534761923	0.766356165139755	0.856304071846299
"ENSG00000251639"	0.54378346192433	-2.55498313218603	3.03185273419743	-0.842713468028111	0.399388713015471	0.600344297037991
"ENSG00000253187"	286.174986772848	5.09496111030476	2.28367280219403	2.23103813532736	0.0256786030405393	0.0856753391165656
"ENSG00000253293"	210.808058336449	3.81809851129437	2.31001182475299	1.65284803756476	0.0983617946976447	0.232550733159332
"ENSG00000253364"	0.704748283015083	-2.8971287069061	2.44367016906447	-1.18556454286759	0.23579431169074	0.421319849274459
"ENSG00000253508"	11.098517969327	6.91257385977197	2.7002150216231	2.56000866761227	0.0104669552681775	0.0417508718518364
"ENSG00000253552"	84.6809076889337	7.97757329696146	2.41717461594892	3.3003711210287	0.000965570504291755	0.00640192084456439
"ENSG00000253649"	8.86271658502045	3.94240643535425	1.15346835128477	3.41787135378537	0.000631129306098689	0.00459822780157617
"ENSG00000253831"	38.6820240784433	8.30879832884948	1.85530636179821	4.47839693752593	7.52056638686084e-06	0.000153419554291961
"ENSG00000254027"	57.1912771167845	2.20464971200499	1.32956017864695	1.65817971041265	0.0972811987852115	0.230870300835459
"ENSG00000254148"	47.5147795725296	8.6049737159425	1.77624005663939	4.84448804303114	1.26938561889026e-06	3.77642221619852e-05
"ENSG00000254369"	304.012669414982	6.42078514489734	1.67433819046852	3.83481974038986	0.000125656414737066	0.00142410603368674
"ENSG00000254399"	0.609356112362891	2.21757395433567	2.49701638136424	0.888089469851258	0.374492626463604	0.571341314732934
"ENSG00000254607"	4.98879089260558	4.92169569486443	1.32352867335966	3.71861659964731	0.000200316823488607	0.00198647516626202
"ENSG00000254620"	1.53833818448926	0.487274427440914	1.70047200258447	0.286552455259675	0.774455023462061	0.862523427631717
"ENSG00000254680"	72.3880662111148	1.09473117001893	0.714172947219252	1.53286563749222	0.125308964023101	0.276564427072901
"ENSG00000254786"	2.77171709335121	2.52766099245566	1.65579759640785	1.5265519154873	0.126872471630337	0.277874063632088
"ENSG00000254839"	0.363208910581677	1.51315500563658	2.57196673518257	0.588326040511239	0.556313469992508	NA
"ENSG00000254877"	4.07419827243004	3.75955409705698	1.32333375183571	2.84097197085905	0.00449762652397486	0.0215523848195842
"ENSG00000254936"	1.76019187953567	2.36711636129895	2.21082657228743	1.07069292135828	0.284307526660647	0.474288724382481
"ENSG00000255112"	1092.39431460951	0.297255282264688	0.323232447373639	0.919633176310042	0.3577644835843	0.556522530020023
"ENSG00000255189"	7.15399406517087	2.62880761895695	1.16686386513315	2.25288287477905	0.024266534918792	0.0821151939906044
"ENSG00000255240"	86.8462945690512	4.3626956056052	1.43636369509363	3.0373196012315	0.00238692229580926	0.0129110796909683
"ENSG00000255310"	31.2968646217649	1.5345282695616	1.83028763920058	0.838408257093317	0.40180145359947	0.602269655218572
"ENSG00000255462"	1.79337893125546	-3.34343301627634	2.60085424567074	-1.28551341231123	0.198612932900639	0.376152875573094
"ENSG00000255523"	0.589003117158307	2.75227230152222	3.02952948834915	0.908481766593395	0.3636237428261	0.560750221118435
"ENSG00000255882"	0.183389156659541	1.22985340327749	3.07988333062692	0.399318179051654	0.689658773819819	NA
"ENSG00000256056"	10.9861794515916	0.00132433251341166	1.16213217203386	0.00113957133730661	0.999090753820824	0.999090753820824
"ENSG00000256124"	75.0308022566787	6.75514332352643	1.48750130410433	4.54126884116845	5.59166729976163e-06	0.000124764076625931
"ENSG00000256262"	11.2738837082206	-2.47413786925457	0.584953759092902	-4.22962983106777	2.34076157211703e-05	0.000321404569709916
"ENSG00000256576"	8.28910899506074	-1.28395581474218	1.51195769854581	-0.849200884374661	0.395769521254092	0.596159152268823
"ENSG00000256731"	0.0511534392665278	0.448246162203006	3.08457506014951	0.145318610655329	0.884459321514591	NA
"ENSG00000257096"	84.6243476463872	-1.35513114998337	0.695415601208098	-1.94866371653036	0.0513355975275544	0.152723402644474
"ENSG00000257184"	4.27737811927796	5.54791256298918	2.99342018528411	1.85336912948712	0.0638294689001398	0.175051030294621
"ENSG00000257378"	1.01792592003276	3.51896306718315	1.84923165096563	1.90293253165206	0.0570493494156573	0.163587291095499
"ENSG00000257464"	6.81319697844545	-0.435365609255186	1.26613347958471	-0.343854432629002	0.730955762020011	0.839027518615947
"ENSG00000257500"	57.15008881322	5.48394608691946	2.52422764047824	2.17252437893457	0.0298161328424469	0.0972087618698952
"ENSG00000257588"	31.2843270107205	5.91319397050508	1.54516456705436	3.82690238734749	0.000129765943382689	0.00143478693994339
"ENSG00000257718"	4.78623139138829	5.67740448607624	2.16355948448713	2.6241037174081	0.00868773250069932	0.0364446125403547
"ENSG00000257851"	5.94712951004374	1.98975644986977	1.19713610962033	1.66209709479134	0.0964933080084779	0.230618384289702
"ENSG00000257869"	12.4554956233934	-1.31744749506173	2.16305158278525	-0.609068921678381	0.542478756277765	0.715951630281561
"ENSG00000258017"	743.022173831002	-0.918974742714155	0.57347263510244	-1.60247357321592	0.109050926796462	0.252282373536402
"ENSG00000258232"	2833.34721203951	-0.179909066553735	0.399172163002519	-0.450705442986011	0.652201858912881	0.781329072590264
"ENSG00000258604"	4.70260213879786	5.2587686665304	1.62630392007643	3.23357067618903	0.00122253082605113	0.00772466380354431
"ENSG00000258634"	368.732445543069	0.791253354327983	0.525452175671727	1.50585227535972	0.13210510023625	0.284963871808709
"ENSG00000258732"	12.9579580283072	4.78036206349053	2.1569225312054	2.21628825065823	0.0266717671828376	0.0885750779932373
"ENSG00000258737"	0.744482113990421	1.92756319228644	1.84286459989291	1.04596029051644	0.295579366467046	0.486069812803123
"ENSG00000259144"	4.30902373121576	2.65144441039035	1.09742680492686	2.41605581209316	0.0156896562172875	0.0577444048409449
"ENSG00000259175"	1.78501093263806	-1.58553892331418	1.34796989786328	-1.17624208509958	0.23949815147282	0.42371760275277
"ENSG00000259475"	35.4795609615624	-0.0728675022657541	1.05695200057708	-0.0689411649970569	0.945036451520218	0.968956597310847
"ENSG00000259610"	8.03901539675737	-1.51642157118256	2.15749960150591	-0.702860649487081	0.482142596267805	0.658478636246597
"ENSG00000259856"	23.3839040212497	0.695915525683813	0.660313741872686	1.05391646660292	0.291921163218212	0.481366537038806
"ENSG00000260025"	32.8889303417077	2.70640769168743	0.853219608010151	3.17199425127984	0.0015139600388979	0.0089270476346374
"ENSG00000260246"	2.12034838254709	3.48226794476271	1.81821078801372	1.91521685368882	0.055464854007048	0.160983356752164
"ENSG00000260266"	2.33815016070833	4.19496598108588	1.91277852187456	2.19312687439356	0.0282982392539816	0.0935414019784391
"ENSG00000260306"	4.56786573683364	5.64511701704178	1.75027129395716	3.22528115300277	0.00125849011749293	0.00788212231482412
"ENSG00000260465"	973.71325153877	-0.124043496822442	0.279438375511215	-0.443902869802732	0.657112809624862	0.783269692941822
"ENSG00000260581"	3.00796725107432	4.59838611083508	1.5379570851487	2.98993135454783	0.00279040148659385	0.0143334292189066
"ENSG00000260853"	133.990839917324	0.352707963351691	0.466995419092999	0.755270713440235	0.450086567219874	0.635102389318161
"ENSG00000260927"	13.9438499223779	2.41232387564859	0.651108999434036	3.70494629585132	0.000211435525214785	0.00204006709463995
"ENSG00000261026"	1.87458134525706	0.95769701032581	1.19833524970591	0.799189551138415	0.424180509748431	0.619355590921021
"ENSG00000261175"	42.1418942464569	8.84721353098024	1.44606980936585	6.11810956406043	9.46919554844279e-10	1.12683427026469e-07
"ENSG00000261655"	5.22763046500871	3.91924085482729	1.33129558092301	2.94392989129433	0.00324073402285222	0.016294958396595
"ENSG00000261821"	7.20475015912824	6.30062787934823	1.98512032731921	3.17392744038688	0.00150391281768511	0.0089270476346374
"ENSG00000262074"	5.34684897980892	3.86933226821922	1.64801814506092	2.34786994294664	0.0188811128156233	0.0669667570507052
"ENSG00000262202"	1.40272212996648	3.49169561324072	1.47413729391508	2.36863664439783	0.0178537839281316	0.06405830012405
"ENSG00000263585"	1494.48936529723	-0.0412262315260205	0.380609811689389	-0.108316260537352	0.913744824459564	0.952428911918436
"ENSG00000263934"	6.18792753242998	4.80498446734604	1.54211989247515	3.11583067619594	0.00183427563408308	0.0102318187713697
"ENSG00000263990"	23.7807411803432	0.689414709275167	0.431591690613406	1.59737716056425	0.110181660408366	0.252957252513097
"ENSG00000264127"	20.3030582729676	7.78696730945677	2.82609874150841	2.7553769424562	0.0058624552598314	0.0268320067661514
"ENSG00000264449"	7.74938890911451	6.3892221666683	2.14448720349738	2.9793706188819	0.00288841181453721	0.0147309002541398
"ENSG00000264940"	0.947868560674307	2.87457492450498	1.78098760086871	1.6140342151191	0.106520005013489	0.248546678364807
"ENSG00000265185"	23.4482022428511	3.69562570583455	1.57473252419973	2.34682757169358	0.01893401471298	0.0669667570507052
"ENSG00000265784"	1543.98323674126	-0.202494353617334	0.65158368906523	-0.31077259455011	0.755973505146785	0.84868723691007
"ENSG00000265933"	7.51287669000207	6.35489718377672	2.622102183962	2.42358868492854	0.0153680004149688	0.0568536388408691
"ENSG00000266345"	2.67074676592045	0.447676389521617	0.912883281381684	0.490398278347305	0.623852094728706	0.767948542081747
"ENSG00000266405"	8.88250812295499	1.48376374979432	0.768491668571833	1.93074799698447	0.0535142241752932	0.157239325354565
"ENSG00000266780"	0.496661946292764	0.0273368209229744	1.55437073602897	0.0175870661286465	0.985968274816743	0.994018784523007
"ENSG00000267165"	449.803374432662	0.258692471877527	0.341383476712991	0.757776780435731	0.448584625072177	0.635102389318161
"ENSG00000267356"	8.38648911784908	2.22478115916966	0.963201152947108	2.30977833899232	0.0209004291142942	0.0727946653053955
"ENSG00000267365"	1.1576820351318	3.67874751999622	2.4544344755294	1.49881675663912	0.13392117629702	0.288011204446001
"ENSG00000267383"	13.3178135033483	2.05352141903164	1.04803866489293	1.9593947130199	0.0500665793599811	0.150833492249057
"ENSG00000267512"	0.813437694194868	1.59116377940106	1.47155621764714	1.08127964145682	0.279572740614988	0.46968220423318
"ENSG00000267580"	249.347187764756	-1.36174597712396	0.507944454820005	-2.68089544870907	0.00734254524798591	0.0325625919693288
"ENSG00000267633"	880.056218416439	0.844500008072424	0.420359374592409	2.00899530048848	0.0445376321274868	0.137068402323386
"ENSG00000267650"	0.310865491970096	1.92992942095406	2.02625322453763	0.95246210966275	0.340862673319803	NA
"ENSG00000267893"	42.2275288700076	6.80182847263441	1.73503944721012	3.92027310017159	8.84486784884491e-05	0.00105253927401254
"ENSG00000268024"	8.70560232841626	6.55824689581475	2.79479146501334	2.34659615141749	0.0189457772048214	0.0669667570507052
"ENSG00000268179"	24.4741906219861	-4.68057152238021	1.72674259202741	-2.71063651524611	0.00671541981632261	0.0303468971446477
"ENSG00000268220"	1.32037652352205	3.77439796795679	3.00956273386475	1.25413500289787	0.209792939634108	0.38705984211564
"ENSG00000269918"	30.8625199588874	1.50724752140881	1.95091835588426	0.772583597290336	0.439768854983865	0.629602538632128
"ENSG00000269950"	4.09739481894592	5.07234573777418	1.34868477853481	3.7609572069796	0.000169264388344949	0.00172649676111848
"ENSG00000270022"	8.66550580598343	3.87190825716929	1.32564584527603	2.92077123838688	0.00349166108070486	0.0173128195251616
"ENSG00000270071"	2.24785252202425	4.2053956384376	1.45314474567035	2.89399638333869	0.00380372543185769	0.0186017805366191
"ENSG00000270093"	4.08653715071	4.63494658658329	1.59441556937125	2.90698778638435	0.00364927445833386	0.0179695307810371
"ENSG00000270108"	8.27020310042741	0.808894635467466	1.07702858883368	0.751042863535703	0.452626859938784	0.636172397630496
"ENSG00000270919"	7.02965213024507	-1.74221307226707	1.15428725132935	-1.5093409983179	0.131211662616252	0.284757225252292
"ENSG00000270933"	23.1923448465032	3.8565830214121	1.04876744383232	3.67725280193642	0.000235759363248954	0.00218613227739939
"ENSG00000270951"	2.8677942678129	-0.820043118656282	1.75289248853684	-0.467822826567521	0.639911295422528	0.777035144441641
"ENSG00000271131"	0.542415781709519	-0.32441876633655	1.5567315176527	-0.208397377876514	0.834918703538399	0.908499418198522
"ENSG00000271370"	8.19038200221991	0.68142878614368	1.02483184494746	0.664917654055347	0.506103163428126	0.680522897716915
"ENSG00000271581"	2.58251548204301	-0.818625749039881	1.6743598926922	-0.4889186324952	0.624899303850833	0.767948542081747
"ENSG00000271811"	3.91495716886788	5.39447950402904	2.99417781663485	1.80165635923784	0.0715994881931808	0.186576768503398
"ENSG00000272078"	2.97195633383187	-1.37406629249015	1.34954246874133	-1.01817195406358	0.308596245251991	0.497376341105918
"ENSG00000272143"	9.81105683550919	4.0077520037766	1.46305801134522	2.73929808161991	0.00615705221651133	0.028000861672542
"ENSG00000272491"	7.6197096851499	0.539554044402699	1.17587495717331	0.458853248903042	0.646339553127282	0.78085692205225
"ENSG00000272505"	38.6882094585302	2.21617279055186	1.19022115549275	1.86198403576045	0.0626053405079153	0.173930790360512
"ENSG00000272574"	24.9119276450439	1.10771786074697	0.619183157360513	1.78899869542481	0.0736150256546926	0.189234906560463
"ENSG00000272717"	4.79680502515584	0.0427553351549425	1.00624685558912	0.0424899068428997	0.966108157658018	0.986565283230337
"ENSG00000272991"	77.0644475203148	-0.921354682310299	0.567321332196955	-1.62404378263435	0.104366464662404	0.244320182849037
"ENSG00000273056"	1.405872465537	0.314174232078682	1.10187184070145	0.285127743965831	0.775546275265493	0.862523427631717
"ENSG00000273079"	11.6699916758666	4.18607862329229	1.40826572875833	2.97250620945179	0.00295379235302283	0.0149575017025411
"ENSG00000273289"	14.0046133047741	1.48824578380292	1.08877661369606	1.36689727266531	0.171657506996181	0.338424110673614
"ENSG00000273321"	5.45964496016975	2.87229032715226	1.09524248968383	2.62251542850699	0.00872833157479084	0.0364446125403547
"ENSMUSG00000000131"	18.3077360610826	-0.336766798226288	0.718124631591819	-0.468953136281928	0.63910313392403	0.777035144441641
"ENSMUSG00000000690"	1.12306959884365	-0.815160632516272	1.85623171961108	-0.439148099832636	0.660554228432824	0.784751612480926
"ENSMUSG00000001630"	5.94949649038761	0.494913377186231	0.830421816100221	0.595978293911418	0.551189727461983	0.719726779466617
"ENSMUSG00000002297"	1.5314040233112	0.476606445541902	1.49919303258296	0.317908658313839	0.750554224681105	0.847116866030174
"ENSMUSG00000004098"	2.17940076513435	0.981502797130331	1.6476944124178	0.595682542668872	0.551387322644593	0.719726779466617
"ENSMUSG00000004612"	6.46084596365356	-0.20204793407288	1.75576670791805	-0.115076754310067	0.908384284854653	0.951183220720744
"ENSMUSG00000005268"	3.86812204896014	-1.05879700155272	0.814877656196578	-1.29933247463751	0.193829854214185	0.370038812590717
"ENSMUSG00000015709"	6.3426447284288	1.19281752337989	1.19857200522988	0.995198885152592	0.319639543913213	0.509425523111684
"ENSMUSG00000015994"	4.24507706084687	-0.691609460218125	1.13507704105564	-0.609306183811909	0.542321509015205	0.715951630281561
"ENSMUSG00000019989"	1.7837772788649	0.562309434581546	1.41657266295033	0.396950646647672	0.691403855178522	0.807958023891104
"ENSMUSG00000020010"	2.14753764990319	-0.963787107917295	1.81531963791004	-0.530918681090727	0.59547513176024	0.74722187008227
"ENSMUSG00000022052"	0.476949512283543	-0.59875648964497	1.77723801031304	-0.336902815588277	0.736190162747044	NA
"ENSMUSG00000022157"	15.2083963887228	-1.30232231626361	1.64974629405257	-0.789407632530261	0.429873796346211	0.623753300237618
"ENSMUSG00000022283"	20.7485996627664	0.0545451116862108	0.488976465681535	0.111549564272354	0.911180564205411	0.951183220720744
"ENSMUSG00000022912"	1.50299414380625	0.821033522476276	1.41105243485117	0.581858974335615	0.560661676380177	0.727840794428084
"ENSMUSG00000023092"	20.0691663627392	-1.70329717453224	1.14642226494504	-1.48575025679033	0.13734519196606	0.29315516777812
"ENSMUSG00000023913"	2.62105313952288	0.237480741414543	1.0977505801967	0.216333970301332	0.828727431472893	0.904757471057562
"ENSMUSG00000024173"	46.5896532945792	-0.293845496771311	1.31394960940801	-0.223635286062227	0.823041104659422	0.902690243820011
"ENSMUSG00000024576"	18.2874205032649	-0.194315831416086	0.83186315756715	-0.233591101671551	0.815302436496273	0.899251739781599
"ENSMUSG00000025475"	19.4960224685074	0.788816433887508	1.24648461154053	0.63283286980383	0.526842789392463	0.697895643091315
"ENSMUSG00000025701"	5.10441594994299	-0.793127954272593	1.38273414069461	-0.573593962085994	0.566242598562708	0.7305212525794
"ENSMUSG00000025964"	0.40928453044179	-0.782793861198504	1.56077147158087	-0.501542907114794	0.615989088636687	NA
"ENSMUSG00000026069"	0.493300294164316	-2.41591175951284	3.03638278313608	-0.795654544259272	0.426232854133165	NA
"ENSMUSG00000026158"	2.39147139564565	1.9671624526442	1.19807328991953	1.64193832647444	0.100602786007856	0.237063990790789
"ENSMUSG00000026222"	2.95453113892839	0.512971986903838	1.08367977202024	0.473361227318596	0.635955486901591	0.774867265610471
"ENSMUSG00000026586"	17.1883567522368	-0.733517516388795	0.702093429898814	-1.04475769912063	0.296134969985096	0.486069812803123
"ENSMUSG00000027188"	1.07357641434252	-1.4570310129458	1.82867421136952	-0.796769049340183	0.425585173498282	0.620138395668926
"ENSMUSG00000027408"	0.365253502616742	-1.30751493534871	2.53874830999097	-0.515023458687545	0.606536627388043	NA
"ENSMUSG00000027887"	0.328866862776211	-1.84134626716016	3.06036196097189	-0.601675975143607	0.547389845126375	NA
"ENSMUSG00000027889"	5.11271226513136	-0.734731355158902	0.730390243424084	-1.00594355110012	0.314442724890166	0.503390371236723
"ENSMUSG00000028126"	0.825046736858255	-1.54386547298183	1.86265643477816	-0.828851442571961	0.407188474834749	0.604433619609171
"ENSMUSG00000028568"	47.068396865516	0.0645034400231285	0.578490966609325	0.111502933919952	0.911217539177856	0.951183220720744
"ENSMUSG00000028977"	0.761780602639774	-2.52315983855216	1.71888974099267	-1.46790092370615	0.142131137255929	0.296729918130799
"ENSMUSG00000029335"	10.7439539654061	0.925016277857678	1.61506465673451	0.572742567302514	0.566819011105025	0.7305212525794
"ENSMUSG00000030325"	0.743852974056268	-1.4213478738598	1.73470778423906	-0.819358676299066	0.412581804440221	0.60528334479974
"ENSMUSG00000030629"	2.43035124311164	-1.15237580695854	1.27071274432948	-0.906873573198181	0.364473657503847	0.560849550555489
"ENSMUSG00000030798"	3.53644049651965	0.429887146869375	0.876638087775781	0.490381552962284	0.62386392776303	0.767948542081747
"ENSMUSG00000031242"	0.960239912325071	-0.470658774679768	1.12130825219832	-0.419740757063941	0.67467484754035	0.794913929280215
"ENSMUSG00000031355"	0.950546504242204	-2.30456498903972	1.18903682612523	-1.93817797599232	0.0526015127622687	0.155196198810991
"ENSMUSG00000031370"	0.784438689825733	-0.490406511853942	1.84428428297947	-0.265906138429853	0.790311497458387	0.876214921095168
"ENSMUSG00000031489"	31.9335021609278	0.608846063885721	1.82371053008992	0.333850166372457	0.738492625739745	0.841685142311707
"ENSMUSG00000031972"	52.752983785761	-6.50444099139273	1.91559214065994	-3.39552499372434	0.000684971196771758	0.00493323453522071
"ENSMUSG00000032231"	74.7388256221403	0.780051302751045	0.66546534918369	1.17218921121575	0.241121098976585	0.425087567084646
"ENSMUSG00000032243"	11.2313139897048	-0.153197675565908	0.883483359469015	-0.173401880096509	0.862335547388793	0.92727045306566
"ENSMUSG00000032399"	16.007880695521	0.843815666828345	0.658505353070157	1.28141048951875	0.200049521690793	0.376299125042195
"ENSMUSG00000032487"	1.80526018397154	2.0855936088637	1.90467235052148	1.09498812658917	0.273521838278905	0.463882642591778
"ENSMUSG00000032562"	0.0522992677155294	0.448246162203006	3.08457506014951	0.145318610655329	0.884459321514591	NA
"ENSMUSG00000033029"	58.2801476543447	1.63650796613559	0.795147036761821	2.05811993313859	0.03957862200273	0.124015238556846
"ENSMUSG00000033039"	69.2331160088535	0.280627749694947	0.566081948138367	0.495736969917213	0.620079999894394	0.765981176340134
"ENSMUSG00000033825"	0.214916599148119	-1.36840471783241	3.0784752295187	-0.444507301767816	0.656675850929364	NA
"ENSMUSG00000034634"	4.94380836169282	-1.71533880186729	1.78268755590509	-0.962220662945277	0.335938771784343	0.527165457261585
"ENSMUSG00000034902"	1.28750694577019	-0.785108125937697	1.85516532808878	-0.423201163826476	0.672148497737226	0.794559647987383
"ENSMUSG00000035133"	0.915022580360716	-1.09430169481314	1.5717806368095	-0.696217824030725	0.486292426934072	0.661357700630338
"ENSMUSG00000035569"	3.33703638585495	-0.543447284577649	1.03874504609953	-0.523176776263129	0.600851241138253	0.751327121143104
"ENSMUSG00000035601"	0.469627496951145	-1.09550398057111	1.5398143550269	-0.711451985750565	0.476804194224716	NA
"ENSMUSG00000035783"	10.1210984070687	-0.76943075112393	0.572855752870336	-1.34314920862475	0.179223664287056	0.348680371392256
"ENSMUSG00000035934"	2.52366308817935	-0.0685991353943909	1.19860598681987	-0.0572324317988747	0.95436004365221	0.976236491644238
"ENSMUSG00000036856"	8.27956696264039	-1.86888018857184	1.19613446783466	-1.56243318692675	0.11818597408435	0.265460166402685
"ENSMUSG00000037742"	0.628976159132669	1.1298448300801	1.50090337507356	0.752776527019756	0.451584214381385	0.635958834454258
"ENSMUSG00000037902"	12.2662011463313	-1.06015085148657	0.75860514830882	-1.39750020659627	0.16226320457599	0.325438000188924
"ENSMUSG00000038253"	0.588369912305904	2.18716283407112	2.56884994248203	0.851417125578726	0.394537681855584	0.595560052526188
"ENSMUSG00000038700"	0.999049326919515	0.875643515888613	1.36515340698485	0.641424994003134	0.521246598464082	0.695644993090382
"ENSMUSG00000038775"	27.3134652508303	-1.04571548115106	1.614028649835	-0.647891523646722	0.517055113483383	0.691343353983399
"ENSMUSG00000038965"	8.50090067632748	0.421073340308614	0.62324364640166	0.675615937265802	0.499284520191054	0.672621032861155
"ENSMUSG00000038982"	0.578257226384573	-1.33955856190567	2.03411690054323	-0.658545515033047	0.51018766032006	0.683440880803982
"ENSMUSG00000039607"	3.36448462945638	0.69691506034979	1.18364238728271	0.588788529236183	0.556003141626861	0.724427450951786
"ENSMUSG00000040009"	1.41982409894304	1.35293881480985	1.17531125488263	1.15113235680276	0.249677788239231	0.43374681460538
"ENSMUSG00000040479"	9.9942754134461	-1.46150598044423	0.741450523794781	-1.97114430908238	0.0487073718068146	0.147987504127939
"ENSMUSG00000041774"	13.3293457891439	1.72268792863157	1.03671004352533	1.66168731497341	0.0965754858580123	0.230618384289702
"ENSMUSG00000042499"	0.385866491278672	2.20427451035985	3.04326263242983	0.72431294192966	0.468873633358221	NA
"ENSMUSG00000044068"	56.9193719509173	-0.273338673197461	0.620048473334981	-0.440834362073803	0.659332915080429	0.784606168945711
"ENSMUSG00000045502"	31.7632559993189	2.86834803069573	1.04079474493539	2.75592093892997	0.00585271418999319	0.0268320067661514
"ENSMUSG00000045826"	5.45176457658295	0.114561695234095	1.16066374944238	0.0987036041137104	0.921373607173233	0.958610155083015
"ENSMUSG00000047497"	2.79429115913178	1.89644149952465	1.15847902700695	1.63700978206252	0.101628425652672	0.238693078671078
"ENSMUSG00000048007"	3.02959060427173	1.87519309804133	1.50683292667832	1.24445986336058	0.213330362498066	0.391562670497736
"ENSMUSG00000048040"	0.398122194410469	-0.629659334486384	2.52258755929369	-0.249608514941969	0.802890113022435	NA
"ENSMUSG00000048355"	2.4339536022148	-2.37963555609148	1.29377494090323	-1.83929637285306	0.0658716062621074	0.175666892038737
"ENSMUSG00000049565"	1.93156938219053	-0.522300610600011	1.53265343428299	-0.3407819399461	0.733267747361836	0.839027518615947
"ENSMUSG00000049775"	5.46846272286677	0.317297540361432	0.896482318903693	0.353936194468904	0.723386701220658	0.835757450924838
"ENSMUSG00000050368"	0.849751621306662	-1.09530023786919	1.58429762431519	-0.691347522750111	0.489347173816289	0.663044070263934
"ENSMUSG00000051111"	0.542757150254446	2.07616991025305	2.05050368147743	1.01251703618358	0.311290905299477	0.500589428792402
"ENSMUSG00000051355"	26.3454597848582	0.67108364647284	0.750987045038895	0.893602161190521	0.371534789626976	0.568042483498203
"ENSMUSG00000051650"	7.678280959972	-0.215417161353281	0.679815221001713	-0.316876049106199	0.751337656270331	0.847116866030174
"ENSMUSG00000052861"	5.07843331985555	0.610790527010586	1.68300391528687	0.362916878245335	0.716666978100308	0.83068217916172
"ENSMUSG00000053475"	1.52540771755784	0.929775060549002	2.04096942498687	0.455555604687702	0.648709573815774	0.781076957343108
"ENSMUSG00000053477"	27.4606252283852	0.443543497766398	0.585475974437773	0.75757762424381	0.448703879668911	0.635102389318161
"ENSMUSG00000056054"	14.1582616020318	1.4578047065163	1.20582116485737	1.20897256492321	0.226673385689369	0.409617032251844
"ENSMUSG00000056481"	0.713203189061513	0.453650458667067	1.5671790632821	0.289469448192473	0.772222156403481	0.861510343237634
"ENSMUSG00000059430"	3.83513626491289	-0.0119806631332355	1.08320534086493	-0.0110603804110392	0.991175273158228	0.994543720652825
"ENSMUSG00000060183"	23.4691636099416	-1.06962817802516	1.67231598325877	-0.639608894929546	0.522426898203724	0.695919412905707
"ENSMUSG00000060568"	0.83093755946092	-0.953298530570543	1.87542070580557	-0.508311829777447	0.611234675151051	0.758994014013653
"ENSMUSG00000060743"	0.676715777128983	-1.66678846840889	1.78129317174977	-0.935718215756479	0.349418289314546	0.54591829008881
"ENSMUSG00000060887"	1.23052240841545	-0.194142280672857	1.2258639715177	-0.158371797510695	0.874163835624295	0.935761587160039
"ENSMUSG00000061852"	1.46600995563878	-0.940652365545331	1.23164319035942	-0.763737722830932	0.445023555952468	0.632961790737176
"ENSMUSG00000062082"	7.0357665389241	1.14635513658692	2.02226821246894	0.566866021786181	0.570805210724283	0.733012446865356
"ENSMUSG00000062345"	44.222982155138	6.41770137496142	1.08342086078654	5.92355344745931	3.15058266431792e-09	2.81189502790374e-07
"ENSMUSG00000064208"	0.369425234696139	-0.711575960601423	2.53146970362792	-0.28109203107651	0.778639813147046	NA
"ENSMUSG00000072688"	1.45730352668764	-0.0295384003835136	1.38578171149644	-0.0213153342539182	0.982994111652596	0.994018784523007
"ENSMUSG00000074506"	35.538230230365	0.61368565020275	0.601947107856418	1.01950095314543	0.307965200893739	0.497376341105918
"ENSMUSG00000075297"	1.92547416005345	1.24165932564665	1.05618261725672	1.17561045349495	0.239750576347506	0.42371760275277
"ENSMUSG00000076431"	156.245959220705	-0.670868331252332	0.364752447899864	-1.83924284844418	0.0658794749402595	0.175666892038737
"ENSMUSG00000078640"	4.12979338092799	-0.953232510722611	1.2096599366216	-0.788016930927585	0.430686802545022	0.623753300237618
"ENSMUSG00000079457"	0.450486001660307	-2.24375151207946	1.97807830435434	-1.13430874153985	0.256665063652183	NA
"ENSMUSG00000081675"	0.554757281129219	0.604998227572975	2.14166503490814	0.282489660013021	0.777568073982739	0.863427068155016
"ENSMUSG00000082920"	1.39520183664425	-0.00940190544120424	1.7222339428221	-0.00545913374915721	0.995644263101248	0.997040678617519
"ENSMUSG00000083822"	3.76304431914276	0.650699510028116	1.26419596938957	0.514714115361652	0.606752808266523	0.756058473127919
"ENSMUSG00000086606"	1.90201366522496	0.778778493256791	1.40108544635474	0.555839399576213	0.57832064864592	0.738677894692643
"ENSMUSG00000087575"	0.598207901676732	1.51289992909076	2.0971048871313	0.721423109723572	0.470649232356993	0.6493772002004
"ENSMUSG00000089791"	2.57229207937146	1.32239710196404	1.08921798357215	1.21407938714634	0.224717410480736	0.408265219041337
"ENSMUSG00000090186"	0.486968285474918	-1.18794738838996	2.09426408967995	-0.567238580007121	0.570552099804469	NA
"ENSMUSG00000091199"	0.463330221551396	-0.860227694190096	2.05857979862539	-0.417874349473609	0.676038987485005	NA
"ENSMUSG00000092455"	1.65006156503447	3.18307308693677	3.00619101045936	1.05883926731934	0.289672987073021	0.479831725729784
"ENSMUSG00000092626"	1.47884939523837	-0.434900241656145	1.37803959259839	-0.315593429965326	0.752311125143852	0.847116866030174
"ENSMUSG00000095308"	2.57064435840837	0.279302918339348	2.4489506346977	0.114050040201739	0.909198125853373	0.951183220720744
"ENSMUSG00000096292"	0.442120646745782	-1.58071662274319	2.06225058309372	-0.766500751994866	0.443378404591386	NA
"ENSMUSG00000096802"	0.626724819037567	-2.72461126383159	2.44090903374522	-1.11622810443332	0.264324507330007	0.452584408234113
"ENSMUSG00000097254"	2.92724204281194	0.58223253377043	0.993609107019959	0.585977452961021	0.557890666667597	0.725562724955673
"ENSMUSG00000097295"	3.94193161618363	0.609523924604071	1.90230214199613	0.320413834978119	0.748654639154415	0.847116866030174
"ENSMUSG00000097461"	272.861788269857	0.955394626277286	0.705656989931672	1.35390797499192	0.175765738893997	0.342887261121077
"ENSMUSG00000097636"	2.63571197947122	3.36613581156436	1.29060232332155	2.60818979691677	0.00910224697565669	0.0377849089570865
"ENSMUSG00000097705"	5.09694635527748	-0.352656672505548	1.77065127407508	-0.199167773840596	0.842131507135662	0.91241562381618
"ENSMUSG00000097779"	1.17697935074388	0.679803445621216	1.25189739844444	0.543018498533435	0.587117065949909	0.743265221787651
